desc: I1 cache:         32768 B, 64 B, 8-way associative
desc: D1 cache:         32768 B, 64 B, 8-way associative
desc: LL cache:         4194304 B, 64 B, 16-way associative
cmd: ./Trap_s
events: Ir I1mr ILmr Dr D1mr DLmr Dw D1mw DLmw 
fl=/build/glibc-CxtIbX/glibc-2.26/csu/../csu/init-first.c
fn=_init
52 8 2 2 0 0 0 4 0 0
55 4 0 0 1 1 0 1 1 1
62 5 1 1 4 0 0 0 0 0
67 1 0 0 0 0 0 1 1 1
68 1 1 1 0 0 0 1 0 0
69 2 0 0 1 1 0 1 1 1
81 4 0 0 0 0 0 1 0 0
84 1 0 0 0 0 0 1 0 0
89 6 0 0 5 0 0 0 0 0
fl=/build/glibc-CxtIbX/glibc-2.26/csu/../csu/libc-start.c
fn=(below main)
139 10 1 1 0 0 0 8 0 0
143 6 1 1 1 0 0 1 0 0
237 2 0 0 0 0 0 0 0 0
238 4 0 0 0 0 0 1 0 0
260 4 0 0 2 0 0 0 0 0
263 2 0 0 0 0 0 0 0 0
264 5 1 1 4 0 0 1 0 0
268 4 0 0 2 0 0 0 0 0
283 2 0 0 0 0 0 0 0 0
295 2 0 0 0 0 0 1 0 0
296 2 0 0 0 0 0 0 0 0
301 2 1 1 1 1 0 1 0 0
302 2 0 0 1 1 0 1 0 0
305 2 0 0 0 0 0 1 0 0
308 6 0 0 5 0 0 1 0 0
342 2 1 1 0 0 0 0 0 0
fl=/build/glibc-CxtIbX/glibc-2.26/csu/../sysdeps/generic/dl-hash.h
fn=_init
45 12 0 0 4 0 0 0 0 0
48 12 0 0 0 0 0 0 0 0
62 16 1 1 0 0 0 0 0 0
67 1 0 0 0 0 0 0 0 0
fl=/build/glibc-CxtIbX/glibc-2.26/csu/../sysdeps/unix/sysv/linux/x86_64/init-first.c
fn=_init
36 10 0 0 0 0 0 4 0 0
38 4 0 0 0 0 0 1 0 0
39 2 0 0 0 0 0 0 0 0
40 2 1 1 0 0 0 0 0 0
41 2 0 0 1 0 0 0 0 0
42 1 0 0 0 0 0 1 0 0
44 3 1 1 0 0 0 1 0 0
45 2 0 0 1 0 0 0 0 0
46 1 0 0 0 0 0 1 0 0
fl=/build/glibc-CxtIbX/glibc-2.26/ctype/ctype-info.c
fn=__ctype_init
31 7 1 1 5 2 0 1 0 0
33 4 0 0 2 1 0 1 0 0
35 5 1 1 3 0 0 1 0 0
fl=/build/glibc-CxtIbX/glibc-2.26/elf/../elf/dl-runtime.c
fn=_dl_fixup
66 6 1 1 0 0 0 2 0 0
68 2 0 0 2 0 0 0 0 0
69 4 1 1 4 2 0 0 0 0
72 10 0 0 4 3 0 0 0 0
73 14 0 0 4 2 0 2 1 0
75 6 0 0 4 1 0 0 0 0
80 4 1 1 0 0 0 0 0 0
84 4 0 0 2 2 0 0 0 0
88 6 0 0 2 1 0 0 0 0
92 4 0 0 4 3 0 0 0 0
93 8 0 0 2 0 0 0 0 0
95 8 1 1 2 1 0 0 0 0
101 2 0 0 0 0 0 0 0 0
102 6 0 0 2 0 0 0 0 0
112 20 1 1 4 1 0 6 0 0
116 10 0 0 6 0 0 0 0 0
126 12 0 0 4 0 0 0 0 0
134 2 0 0 2 0 0 0 0 0
142 8 0 0 2 0 0 0 0 0
146 6 1 1 2 1 0 0 0 0
150 6 0 0 4 0 0 0 0 0
fl=/build/glibc-CxtIbX/glibc-2.26/elf/../elf/dl-sysdep.c
fn=_dl_sysdep_start
88 8 1 1 0 0 0 6 0 0
112 1 0 0 0 0 0 1 0 0
113 166 1 1 53 7 7 4 3 3
116 2 1 1 0 0 0 1 1 1
117 1 0 0 0 0 0 1 0 0
119 136 5 5 36 6 6 18 1 1
120 110 0 0 18 3 3 0 0 0
123 1 0 0 1 1 1 0 0 0
124 1 0 0 0 0 0 0 0 0
126 1 0 0 1 0 0 0 0 0
127 1 0 0 0 0 0 0 0 0
129 1 1 1 1 0 0 0 0 0
130 2 0 0 0 0 0 0 0 0
132 1 0 0 1 0 0 0 0 0
133 2 0 0 0 0 0 0 0 0
153 1 0 0 1 0 0 0 0 0
154 2 0 0 0 0 0 0 0 0
156 1 0 0 1 0 0 0 0 0
157 2 0 0 0 0 0 0 0 0
159 2 1 1 1 0 0 1 0 0
160 2 0 0 0 0 0 1 0 0
165 2 1 1 1 0 0 1 0 0
166 2 0 0 0 0 0 1 0 0
181 2 1 1 1 0 0 1 0 0
182 2 0 0 0 0 0 1 0 0
224 1 0 0 0 0 0 1 0 0
236 3 0 0 0 0 0 2 0 0
238 5 1 1 0 0 0 1 0 0
250 3 0 0 1 0 0 0 0 0
253 5 0 0 1 0 0 1 0 0
254 1 1 0 1 1 0 0 0 0
255 8 0 0 7 1 0 0 0 0
fn=_dl_sysdep_start_cleanup
260 1 1 0 1 0 0 0 0 0
fl=/build/glibc-CxtIbX/glibc-2.26/elf/../elf/dl-tls.c
fn=_dl_add_to_slotinfo
896 4 1 1 0 0 0 3 0 0
902 2 1 1 1 0 0 0 0 0
905 1 0 0 1 1 0 0 0 0
910 3 0 0 1 0 0 0 0 0
951 1 0 0 0 0 0 1 0 0
952 5 1 1 1 1 0 1 0 0
953 4 0 0 4 0 0 0 0 0
fn=_dl_allocate_tls_init
444 9 1 1 0 0 0 7 0 0
445 2 0 0 0 0 0 0 0 0
449 2 0 0 1 0 0 1 0 0
451 1 0 0 0 0 0 1 0 0
452 1 1 1 0 0 0 0 0 0
455 3 0 0 2 1 0 0 0 0
467 3 0 0 1 0 0 1 0 0
472 11 1 1 3 0 0 0 0 0
478 16 1 1 2 0 0 1 0 0
481 1 1 1 1 0 0 0 0 0
482 2 0 0 0 0 0 0 0 0
488 3 0 0 2 0 0 0 0 0
489 2 0 0 0 0 0 0 0 0
491 5 1 1 2 0 0 1 0 0
492 1 0 0 0 0 0 1 0 0
494 2 0 0 0 0 0 0 0 0
495 2 0 0 1 0 0 0 0 0
498 2 0 0 0 0 0 0 0 0
499 4 0 0 2 0 0 0 0 0
501 2 1 1 0 0 0 0 0 0
502 2 0 0 1 0 0 0 0 0
511 1 0 0 0 0 0 1 0 0
514 11 0 0 4 0 0 2 0 0
528 3 1 1 2 0 0 1 0 0
531 8 0 0 7 0 0 0 0 0
fn=_dl_allocate_tls_storage
289 2 1 1 1 0 0 0 0 0
290 3 0 0 0 0 0 1 0 0
291 2 0 0 0 0 0 0 0 0
294 1 0 0 0 0 0 1 1 1
300 2 0 0 0 0 0 1 0 0
338 3 1 1 0 0 0 3 0 0
340 1 0 0 1 0 0 0 0 0
351 1 0 0 1 0 0 0 0 0
352 2 0 0 0 0 0 1 0 0
353 3 0 0 0 0 0 0 0 0
361 4 0 0 0 0 0 0 0 0
362 1 1 1 0 0 0 0 0 0
366 297 0 0 0 0 0 289 36 36
385 1 0 0 0 0 0 1 1 1
391 5 0 0 4 0 0 0 0 0
fn=_dl_count_modids
115 2 1 1 1 0 0 0 0 0
116 2 0 0 2 0 0 0 0 0
fn=_dl_determine_tlsoffset
138 5 0 0 0 0 0 5 0 0
144 3 2 2 1 0 0 0 0 0
147 2 0 0 1 0 0 0 0 0
183 12 1 1 2 0 0 0 0 0
185 10 1 1 1 0 0 0 0 0
187 3 0 0 1 0 0 0 0 0
188 2 1 1 1 0 0 0 0 0
190 2 0 0 0 0 0 0 0 0
192 5 0 0 1 0 0 0 0 0
208 8 0 0 0 0 0 0 0 0
210 2 0 0 0 0 0 0 0 0
211 2 1 1 0 0 0 0 0 0
220 1 0 0 0 0 0 1 0 0
223 1 0 0 0 0 0 1 0 0
224 1 0 0 0 0 0 1 0 0
275 1 0 0 0 0 0 1 0 0
276 6 0 0 6 0 0 0 0 0
fn=_dl_next_tls_modid
52 4 1 1 2 0 0 0 0 0
100 2 0 0 1 0 0 1 0 0
fl=/build/glibc-CxtIbX/glibc-2.26/elf/../misc/sbrk.c
fn=sbrk
34 4 0 0 0 0 0 2 0 0
42 6 1 1 2 1 1 0 0 0
46 2 0 0 0 0 0 0 0 0
62 5 0 0 3 0 0 0 0 0
fl=/build/glibc-CxtIbX/glibc-2.26/elf/../sysdeps/generic/ldsodefs.h
fn=_dl_relocate_object
102 273 1 1 91 0 0 0 0 0
fn=do_lookup_x
102 246 1 1 82 0 0 0 0 0
fl=/build/glibc-CxtIbX/glibc-2.26/elf/../sysdeps/posix/dl-fileid.h
fn=_dl_map_object_from_fd
37 12 1 1 0 0 0 2 0 0
40 2 0 0 2 0 0 0 0 0
41 4 0 0 2 0 0 2 0 0
49 12 0 0 6 1 1 0 0 0
fl=/build/glibc-CxtIbX/glibc-2.26/elf/../sysdeps/unix/sysv/linux/dl-osinfo.h
fn=dl_main
64 2 0 0 1 0 0 0 0 0
77 1 0 0 1 0 0 0 0 0
fl=/build/glibc-CxtIbX/glibc-2.26/elf/../sysdeps/unix/sysv/linux/dl-sysdep.c
fn=_dl_discover_osversion
45 7 1 1 0 0 0 6 0 0
47 4 1 1 1 0 0 1 1 1
87 5 1 1 0 0 0 1 0 0
102 1 0 0 0 0 0 0 0 0
106 1 0 0 0 0 0 0 0 0
107 1 0 0 0 0 0 0 0 0
109 12 0 0 3 1 1 0 0 0
111 6 0 0 0 0 0 0 0 0
113 17 1 1 4 0 0 0 0 0
115 1 0 0 0 0 0 0 0 0
116 2 0 0 0 0 0 0 0 0
119 3 0 0 0 0 0 0 0 0
120 3 0 0 0 0 0 0 0 0
121 3 0 0 0 0 0 0 0 0
123 13 0 0 0 0 0 0 0 0
128 2 1 1 0 0 0 0 0 0
132 8 1 1 7 0 0 0 0 0
fn=_dl_sysdep_start
35 2 0 0 0 0 0 1 0 0
fl=/build/glibc-CxtIbX/glibc-2.26/elf/../sysdeps/unix/sysv/linux/dl-vdso.c
fn=_dl_vdso_vsym
26 20 1 1 4 1 0 4 0 0
27 8 1 1 8 1 0 0 0 0
28 4 1 1 0 0 0 0 0 0
31 8 0 0 0 0 0 0 0 0
48 4 0 0 0 0 0 0 0 0
49 20 1 1 12 0 0 0 0 0
fl=/build/glibc-CxtIbX/glibc-2.26/elf/../sysdeps/unix/sysv/linux/x86_64/brk.c
fn=brk
31 7 1 1 0 0 0 1 0 0
33 2 1 1 0 0 0 0 0 0
39 1 0 0 0 0 0 0 0 0
40 1 0 0 1 0 0 0 0 0
fl=/build/glibc-CxtIbX/glibc-2.26/elf/../sysdeps/x86/cpu-features.c
fn=_dl_sysdep_start
113 1 1 1 0 0 0 1 0 0
114 1 0 0 0 0 0 1 0 0
125 3 0 0 0 0 0 1 0 0
128 8 0 0 0 0 0 0 0 0
132 2 0 0 0 0 0 0 0 0
134 6 1 1 0 0 0 1 0 0
137 3 1 1 1 0 0 0 0 0
139 3 1 1 2 0 0 1 0 0
140 7 0 0 1 1 1 0 0 0
146 2 1 1 0 0 0 1 0 0
225 5 1 1 2 0 0 1 0 0
234 4 0 0 0 0 0 0 0 0
241 5 0 0 0 0 0 0 0 0
251 3 0 0 0 0 0 1 0 0
252 2 1 1 0 0 0 0 0 0
260 1 0 0 1 0 0 0 0 0
312 3 2 2 1 0 0 0 0 0
313 1 0 0 1 0 0 0 0 0
316 2 0 0 0 0 0 0 0 0
317 1 0 0 1 0 0 0 0 0
323 1 0 0 0 0 0 1 0 0
324 1 0 0 0 0 0 1 0 0
325 1 0 0 0 0 0 1 0 0
328 4 0 0 0 0 0 1 0 0
330 6 1 1 1 0 0 2 0 0
332 6 0 0 1 0 0 2 0 0
334 6 1 1 1 0 0 2 0 0
338 1 0 0 0 0 0 1 0 0
346 1 0 0 0 0 0 1 0 0
347 2 0 0 1 0 0 0 0 0
349 3 1 1 1 0 0 0 0 0
368 3 1 1 0 0 0 0 0 0
370 4 1 1 1 0 0 0 0 0
373 4 0 0 1 0 0 0 0 0
374 3 0 0 0 0 0 1 0 0
fn=get_common_indeces.constprop.1
33 1 0 0 0 0 0 1 0 0
37 4 1 1 0 0 0 0 0 0
40 5 0 0 0 0 0 3 0 0
43 1 0 0 0 0 0 1 0 0
44 4 1 1 0 0 0 1 0 0
45 4 0 0 0 0 0 1 0 0
46 4 0 0 0 0 0 1 0 0
47 3 0 0 0 0 0 1 0 0
48 2 0 0 1 0 0 0 0 0
55 2 0 0 1 0 0 0 0 0
56 7 1 1 0 0 0 4 0 0
63 3 0 0 1 0 0 0 0 0
67 2 0 0 0 0 0 0 0 0
69 4 0 0 0 0 0 0 0 0
73 2 1 1 0 0 0 0 0 0
76 4 0 0 1 1 1 1 0 0
79 2 0 0 1 0 0 0 0 0
81 3 0 0 0 0 0 1 0 0
83 2 0 0 0 0 0 0 0 0
85 2 1 1 0 0 0 1 0 0
90 3 0 0 0 0 0 0 0 0
107 2 0 0 2 0 0 0 0 0
fl=/build/glibc-CxtIbX/glibc-2.26/elf/../sysdeps/x86/dl-hwcap.h
fn=_dl_important_hwcaps
57 5 1 1 0 0 0 1 0 0
fl=/build/glibc-CxtIbX/glibc-2.26/elf/../sysdeps/x86/dl-procinfo.h
fn=_dl_load_cache_lookup
39 3 0 0 0 0 0 1 0 0
42 8 2 2 0 0 0 2 0 0
fl=/build/glibc-CxtIbX/glibc-2.26/elf/../sysdeps/x86_64/dl-machine.h
fn=_dl_fixup
260 2 0 0 0 0 0 2 0 0
fn=_dl_relocate_object
79 24 0 0 4 0 0 0 0 0
85 4 0 0 4 1 0 0 0 0
89 6 1 1 2 2 1 0 0 0
95 2 0 0 0 0 0 2 0 0
103 6 0 0 2 0 0 0 0 0
105 2 0 0 2 0 0 0 0 0
123 4 0 0 0 0 0 0 0 0
132 4 0 0 0 0 0 0 0 0
134 4 1 1 0 0 0 0 0 0
139 12 1 1 0 0 0 2 0 0
149 12 0 0 4 3 0 0 0 0
294 216 1 1 0 0 0 0 0 0
315 216 1 1 0 0 0 0 0 0
319 216 0 0 0 0 0 0 0 0
326 4411 12 12 910 86 71 635 1 0
328 473 0 0 200 1 0 0 0 0
331 400 0 0 100 0 0 0 0 0
353 756 1 1 108 3 3 0 0 0
448 51 1 1 17 0 0 0 0 0
452 85 1 1 17 1 0 0 0 0
457 51 0 0 34 3 3 0 0 0
466 51 0 0 17 0 0 17 8 8
476 359 1 1 182 10 10 91 9 6
509 12 0 0 0 0 0 9 0 0
553 3609 0 0 1203 303 303 0 0 0
558 2406 0 0 0 0 0 0 0 0
559 3609 0 0 1203 149 149 1203 229 227
569 53 0 0 46 0 0 0 0 0
573 14 0 0 0 0 0 0 0 0
575 21 0 0 7 1 0 0 0 0
576 7 0 0 7 5 4 0 0 0
593 78 0 0 78 0 0 0 0 0
595 39 0 0 0 0 0 39 0 0
596 39 0 0 0 0 0 39 1 1
fn=_dl_start
59 3 0 0 1 1 1 0 0 0
79 1 0 0 1 0 0 0 0 0
291 7 0 0 0 0 0 0 0 0
319 14 0 0 0 0 0 0 0 0
328 28 0 0 14 0 0 0 0 0
331 28 0 0 7 6 6 0 0 0
353 43 0 0 7 1 1 0 0 0
372 21 1 1 7 0 0 7 1 1
440 1 0 0 0 0 0 0 0 0
558 66 0 0 33 4 4 0 0 0
559 99 1 1 33 5 5 33 15 15
fl=/build/glibc-CxtIbX/glibc-2.26/elf/../sysdeps/x86_64/dl-trampoline.h
fn=_dl_runtime_resolve_avx_slow
70 2 1 1 0 0 0 0 0 0
71 2 0 0 0 0 0 0 0 0
72 2 0 0 0 0 0 0 0 0
73 2 0 0 0 0 0 0 0 0
74 2 0 0 0 0 0 0 0 0
75 2 0 0 0 0 0 0 0 0
76 2 0 0 0 0 0 0 0 0
77 2 0 0 0 0 0 0 0 0
78 2 0 0 0 0 0 0 0 0
81 2 0 0 0 0 0 0 0 0
84 2 0 0 0 0 0 0 0 0
87 2 0 0 0 0 0 0 0 0
fn=_dl_runtime_resolve_sse_vex
164 2 1 1 0 0 0 2 0 0
167 2 0 0 0 0 0 0 0 0
169 2 0 0 0 0 0 0 0 0
171 2 0 0 0 0 0 0 0 0
176 2 1 1 0 0 0 2 1 0
177 2 0 0 0 0 0 2 0 0
178 2 0 0 0 0 0 2 0 0
179 2 0 0 0 0 0 2 0 0
180 2 0 0 0 0 0 2 0 0
181 2 0 0 0 0 0 2 0 0
182 2 0 0 0 0 0 2 0 0
183 2 0 0 0 0 0 2 1 0
184 2 1 1 0 0 0 2 0 0
185 2 0 0 0 0 0 2 0 0
186 2 0 0 0 0 0 2 1 0
187 2 0 0 0 0 0 2 0 0
188 2 0 0 0 0 0 2 0 0
189 2 0 0 0 0 0 2 0 0
190 2 0 0 0 0 0 2 0 0
195 2 0 0 0 0 0 0 0 0
196 2 0 0 0 0 0 0 0 0
197 2 1 1 0 0 0 0 0 0
198 2 0 0 0 0 0 0 0 0
212 2 0 0 2 0 0 0 0 0
213 2 0 0 2 0 0 0 0 0
214 2 0 0 0 0 0 2 0 0
215 2 0 0 0 0 0 0 0 0
220 2 0 0 0 0 0 0 0 0
221 2 0 0 0 0 0 0 0 0
222 2 0 0 0 0 0 0 0 0
223 2 0 0 0 0 0 0 0 0
236 2 1 1 2 0 0 0 0 0
237 2 0 0 2 0 0 0 0 0
238 2 0 0 2 0 0 0 0 0
239 2 0 0 2 0 0 0 0 0
240 2 0 0 2 0 0 0 0 0
241 2 0 0 2 0 0 0 0 0
242 2 0 0 2 0 0 0 0 0
243 2 0 0 2 0 0 0 0 0
244 2 1 1 2 0 0 0 0 0
245 2 0 0 2 0 0 0 0 0
246 2 0 0 2 0 0 0 0 0
247 2 0 0 2 0 0 0 0 0
248 2 0 0 2 0 0 0 0 0
249 2 0 0 2 0 0 0 0 0
250 2 0 0 2 0 0 0 0 0
252 2 0 0 0 0 0 0 0 0
254 2 0 0 2 0 0 0 0 0
258 2 0 0 0 0 0 0 0 0
261 2 0 0 0 0 0 0 0 0
fl=/build/glibc-CxtIbX/glibc-2.26/elf/./dl-load.h
fn=_dl_map_object_from_fd
90 8 0 0 4 0 0 0 0 0
91 6 0 0 4 0 0 2 0 0
93 8 0 0 4 0 0 0 0 0
94 5 1 1 3 0 0 0 0 0
95 6 0 0 2 0 0 0 0 0
96 4 1 1 1 0 0 0 0 0
98 4 0 0 0 0 0 1 0 0
fl=/build/glibc-CxtIbX/glibc-2.26/elf/./dl-map-segments.h
fn=_dl_map_object_from_fd
50 4 0 0 2 0 0 0 0 0
56 16 1 1 6 0 0 6 1 1
60 6 0 0 2 0 0 0 0 0
63 6 0 0 2 0 0 2 0 0
64 4 0 0 0 0 0 2 0 0
66 4 0 0 2 0 0 0 0 0
73 26 2 2 8 0 0 4 0 0
80 4 1 1 2 0 0 0 0 0
90 20 1 1 0 0 0 0 0 0
92 8 0 0 4 0 0 0 0 0
94 32 2 2 10 0 0 6 0 0
104 16 0 0 8 0 0 0 0 0
110 4 0 0 2 0 0 0 0 0
111 2 0 0 0 0 0 0 0 0
112 10 0 0 2 0 0 0 0 0
113 4 0 0 0 0 0 0 0 0
120 4 0 0 0 0 0 0 0 0
123 4 1 1 2 0 0 0 0 0
131 24 1 1 6 0 0 8 0 0
137 4 0 0 0 0 0 0 0 0
141 9 1 1 1 0 0 2 0 0
144 3 0 0 1 0 0 0 0 0
149 4 1 1 0 0 0 0 0 0
fl=/build/glibc-CxtIbX/glibc-2.26/elf/dl-addr.c
fn=_dl_addr
30 2 0 0 1 0 0 1 0 0
31 2 0 0 1 0 0 1 0 0
34 2 1 1 1 0 0 0 0 0
38 1 0 0 1 0 0 0 0 0
39 1 0 0 1 0 0 0 0 0
40 3 0 0 2 0 0 1 0 0
42 2 0 0 2 0 0 0 0 0
45 2 0 0 1 1 0 0 0 0
50 2030 1 1 2 0 0 0 0 0
52 1011 0 0 1011 60 20 0 0 0
53 2022 0 0 0 0 0 0 0 0
55 3644 0 0 911 0 0 0 0 0
61 11425 1 1 2285 488 441 0 0 0
63 9140 0 0 2285 0 0 0 0 0
64 16546 1 1 5206 362 337 0 0 0
69 2285 0 0 0 0 0 0 0 0
71 9240 1 1 2285 138 82 0 0 0
100 3 0 0 1 1 0 0 0 0
101 1 0 0 0 0 0 1 1 0
102 3 0 0 1 0 0 0 0 0
105 2 0 0 0 0 0 0 0 0
117 1 1 1 0 0 0 1 1 0
118 1 0 0 0 0 0 1 0 0
127 11 2 2 0 0 0 8 1 1
132 3 0 0 2 0 0 1 0 0
134 2 0 0 0 0 0 1 0 0
136 2 0 0 0 0 0 0 0 0
139 2 1 1 0 0 0 0 0 0
142 2 0 0 1 1 0 1 0 0
145 9 0 0 7 0 0 0 0 0
fl=/build/glibc-CxtIbX/glibc-2.26/elf/dl-cache.c
fn=_dl_cache_libcmp
139 33 1 1 22 9 9 0 0 0
140 110 0 0 0 0 0 0 0 0
142 162 0 0 0 0 0 0 0 0
144 56 0 0 0 0 0 0 0 0
150 2 0 0 0 0 0 0 0 0
151 2 1 1 0 0 0 0 0 0
152 5 0 0 1 0 0 0 0 0
154 5 0 0 1 0 0 0 0 0
156 2 0 0 0 0 0 0 0 0
162 106 1 1 0 0 0 0 0 0
164 192 0 0 86 0 0 0 0 0
165 20 0 0 10 0 0 0 0 0
168 43 0 0 0 0 0 0 0 0
169 43 0 0 0 0 0 0 0 0
172 3 0 0 1 0 0 0 0 0
fn=_dl_load_cache_lookup
186 9 2 2 0 0 0 6 0 0
194 2 0 0 1 0 0 0 0 0
197 3 0 0 1 0 0 0 0 0
200 5 1 1 0 0 0 1 1 1
208 5 1 1 1 0 0 0 0 0
209 6 0 0 0 0 0 1 0 0
213 1 0 0 0 0 0 1 0 0
216 4 1 1 1 0 0 0 0 0
219 2 0 0 0 0 0 1 0 0
220 3 0 0 0 0 0 0 0 0
221 6 0 0 0 0 0 1 0 0
248 2 1 1 0 0 0 0 0 0
257 4 0 0 0 0 0 1 0 0
259 1 0 0 1 0 0 0 0 0
263 6 1 1 1 0 0 2 0 0
265 5 1 1 0 0 0 2 0 0
269 10 0 0 3 0 0 2 0 0
270 3 0 0 1 0 0 0 0 0
284 254 8 8 36 8 8 17 0 0
296 2 1 1 1 0 0 0 0 0
300 2 1 1 1 0 0 0 0 0
304 2 0 0 1 0 0 0 0 0
312 9 0 0 1 0 0 1 0 0
313 3 0 0 0 0 0 1 0 0
314 2 0 0 0 0 0 1 0 0
315 8 0 0 7 0 0 0 0 0
fn=_dl_unload_cache
324 1 0 0 0 0 0 0 0 0
325 4 1 1 1 1 0 0 0 0
327 2 1 1 1 0 0 1 0 0
328 1 0 0 0 0 0 1 0 0
330 2 0 0 1 0 0 0 0 0
fl=/build/glibc-CxtIbX/glibc-2.26/elf/dl-debug.c
fn=_dl_debug_initialize
50 8 1 1 0 0 0 0 0 0
51 4 1 1 4 0 0 0 0 0
55 14 0 0 4 1 0 0 0 0
58 1 0 0 0 0 0 1 0 0
59 6 2 1 3 0 0 1 0 0
60 5 0 0 1 0 0 1 0 0
61 2 0 0 0 0 0 1 0 0
64 1 0 0 1 0 0 0 0 0
fn=_dl_debug_state
74 2 0 0 2 0 0 0 0 0
fl=/build/glibc-CxtIbX/glibc-2.26/elf/dl-deps.c
fn=_dl_map_object_deps
144 4 0 0 0 0 0 2 0 0
145 2 1 1 0 0 0 2 0 0
146 7 1 1 0 0 0 2 0 0
152 9 0 0 2 0 0 3 0 0
160 11 0 0 0 0 0 9 0 0
161 9 2 2 0 0 0 0 0 0
178 11 0 0 1 0 0 1 0 0
179 1 0 0 1 0 0 0 0 0
182 3 0 0 0 0 0 2 0 0
188 2 0 0 0 0 0 2 0 0
189 1 0 0 0 0 0 1 0 0
201 2 1 1 1 0 0 1 0 0
202 1 0 0 0 0 0 1 0 0
203 1 0 0 0 0 0 1 0 0
204 2 1 1 0 0 0 2 0 0
210 4 0 0 0 0 0 2 0 0
213 4 0 0 0 0 0 4 0 0
217 12 0 0 4 0 0 0 0 0
218 25 1 1 11 1 1 0 0 0
220 2 0 0 0 0 0 0 0 0
222 6 1 1 4 0 0 0 0 0
224 28 1 1 0 0 0 4 0 0
229 16 2 2 8 0 0 0 0 0
231 6 0 0 4 0 0 2 0 0
236 2 0 0 0 0 0 2 0 0
237 2 0 0 0 0 0 2 0 0
238 4 0 0 2 0 0 2 0 0
239 4 0 0 2 0 0 2 0 0
242 218 1 1 57 0 0 4 0 0
243 102 1 1 0 0 0 0 0 0
249 14 0 0 4 0 0 2 0 0
251 2 0 0 0 0 0 2 0 0
254 12 1 1 8 0 0 2 0 0
256 6 0 0 2 0 0 0 0 0
271 2 0 0 2 0 0 0 0 0
273 4 1 1 2 0 0 0 0 0
278 6 0 0 0 0 0 0 0 0
281 2 0 0 0 0 0 2 1 1
282 2 0 0 0 0 0 2 0 0
283 2 0 0 0 0 0 2 0 0
284 4 0 0 2 0 0 2 0 0
286 2 0 0 2 0 0 0 0 0
288 12 1 1 2 0 0 4 0 0
292 4 0 0 0 0 0 0 0 0
293 4 0 0 1 0 0 2 1 1
295 147 0 0 0 0 0 0 0 0
308 9 1 1 3 0 0 3 0 0
317 13 0 0 0 0 0 5 0 0
459 8 1 1 0 0 0 0 0 0
461 6 0 0 2 0 0 2 0 0
463 4 0 0 0 0 0 2 0 0
464 4 0 0 0 0 0 0 0 0
465 4 0 0 0 0 0 0 0 0
468 2 0 0 0 0 0 2 1 1
469 10 0 0 0 0 0 2 0 0
470 12 0 0 2 0 0 2 0 0
473 2 0 0 0 0 0 2 0 0
474 2 0 0 2 0 0 0 0 0
478 16 1 1 8 0 0 0 0 0
480 4 0 0 4 0 0 0 0 0
481 17 0 0 3 0 0 0 0 0
485 7 3 3 3 0 0 0 0 0
486 2 0 0 0 0 0 1 0 0
489 5 0 0 2 0 0 1 0 0
499 2 0 0 0 0 0 1 0 0
500 3 1 1 1 0 0 0 0 0
502 2 0 0 0 0 0 0 0 0
507 7 1 1 3 0 0 1 0 0
508 9 0 0 4 0 0 1 0 0
510 13 0 0 4 0 0 1 0 0
516 12 0 0 0 0 0 4 1 1
520 8 0 0 8 0 0 0 0 0
523 2 1 1 1 0 0 0 0 0
574 3 0 0 2 0 0 0 0 0
575 1 0 0 0 0 0 1 0 0
576 3 0 0 1 0 0 0 0 0
611 8 2 2 1 0 0 2 0 0
613 2 0 0 0 0 0 0 0 0
614 1 0 0 0 0 0 1 0 0
617 11 1 1 1 0 0 1 0 0
618 5 2 2 0 0 0 0 0 0
619 6 0 0 1 0 0 2 0 0
623 12 0 0 3 0 0 6 0 0
624 6 0 0 3 0 0 0 0 0
630 17 0 0 3 0 0 0 0 0
632 12 0 0 6 0 0 0 0 0
633 7 1 1 0 0 0 0 0 0
635 9 0 0 3 0 0 0 0 0
636 6 0 0 0 0 0 0 0 0
655 2 1 1 1 0 0 0 0 0
658 3 1 1 0 0 0 0 0 0
661 10 1 1 3 0 0 0 0 0
664 30 2 2 6 0 0 8 0 0
671 2 0 0 1 0 0 1 0 0
673 2 1 1 1 0 0 1 0 0
674 1 0 0 1 0 0 0 0 0
675 3 0 0 1 0 0 0 0 0
682 3 0 0 1 0 0 0 0 0
685 3 1 1 1 0 0 0 0 0
688 8 0 0 7 0 0 0 0 0
fn=openaux
60 4 1 1 0 0 0 2 0 0
63 14 1 1 8 0 0 4 1 1
65 8 0 0 2 0 0 0 0 0
67 2 0 0 2 0 0 0 0 0
68 4 0 0 4 0 0 0 0 0
fl=/build/glibc-CxtIbX/glibc-2.26/elf/dl-environ.c
fn=_dl_next_ld_env_entry
30 3 1 1 3 0 0 0 0 0
33 157 0 0 52 0 0 0 0 0
35 102 0 0 51 0 0 0 0 0
36 18 0 0 9 0 0 0 0 0
38 2 0 0 0 0 0 0 0 0
41 4 0 0 0 0 0 2 0 0
43 2 0 0 2 0 0 0 0 0
46 49 0 0 0 0 0 0 0 0
50 1 1 1 1 0 0 0 0 0
fl=/build/glibc-CxtIbX/glibc-2.26/elf/dl-error-skeleton.c
fn=_dl_catch_error
175 12 1 1 0 0 0 9 0 0
187 6 0 0 0 0 0 6 2 2
188 6 0 0 0 0 0 6 0 0
189 6 0 0 0 0 0 6 0 0
190 6 0 0 0 0 0 3 0 0
192 6 0 0 3 0 0 3 0 0
193 6 1 1 0 0 0 3 0 0
196 18 0 0 0 0 0 3 0 0
198 9 0 0 6 0 0 3 0 0
199 6 0 0 3 0 0 3 0 0
200 6 1 1 3 0 0 3 0 0
201 6 0 0 3 0 0 3 0 0
202 6 0 0 3 0 0 3 0 0
210 12 0 0 6 0 0 0 0 0
fn=_dl_receive_error
217 3 1 1 0 0 0 2 0 0
218 1 0 0 1 0 0 0 0 0
219 1 0 0 1 0 0 0 0 0
222 1 0 0 0 0 0 1 0 0
223 1 1 1 0 0 0 1 0 0
225 2 0 0 0 0 0 1 0 0
227 1 0 0 0 0 0 1 0 0
228 1 0 0 0 0 0 1 0 0
229 4 0 0 3 0 0 0 0 0
fl=/build/glibc-CxtIbX/glibc-2.26/elf/dl-hwcaps.c
fn=_dl_important_hwcaps
40 13 1 1 0 0 0 10 2 2
41 8 1 1 1 0 0 3 0 0
44 3 0 0 0 0 0 0 0 0
53 22 0 0 1 0 0 0 0 0
54 4 1 1 0 0 0 0 0 0
63 4 0 0 1 0 0 1 0 0
115 1 1 1 0 0 0 0 0 0
117 7 2 2 1 0 0 2 0 0
132 10 0 0 0 0 0 1 0 0
133 1 0 0 0 0 0 0 0 0
169 8 1 1 0 0 0 0 0 0
170 4 0 0 2 0 0 2 1 1
172 4 0 0 1 0 0 1 1 1
173 2 0 0 0 0 0 2 0 0
174 8 0 0 1 0 0 0 0 0
175 1 0 0 0 0 0 0 0 0
177 3 0 0 1 0 0 0 0 0
179 2 0 0 1 0 0 1 0 0
180 5 0 0 1 0 0 1 0 0
184 3 1 1 1 0 0 1 0 0
185 1 0 0 0 0 0 1 0 0
188 2 0 0 0 0 0 0 0 0
191 2 0 0 0 0 0 0 0 0
195 14 1 1 3 0 0 3 0 0
196 2 0 0 0 0 0 0 0 0
198 5 0 0 0 0 0 0 0 0
199 2 1 1 0 0 0 0 0 0
200 3 0 0 1 0 0 0 0 0
201 2 0 0 0 0 0 0 0 0
203 1 0 0 0 0 0 1 0 0
208 2 0 0 0 0 0 0 0 0
214 9 1 1 2 0 0 3 0 0
215 5 0 0 0 0 0 1 0 0
216 3 0 0 1 0 0 0 0 0
219 2 1 1 0 0 0 1 0 0
245 3 1 1 0 0 0 2 1 1
255 13 1 1 3 0 0 4 0 0
258 2 0 0 0 0 0 0 0 0
261 15 1 1 4 0 0 4 0 0
264 8 0 0 2 0 0 0 0 0
265 21 0 0 2 0 0 3 0 0
266 6 1 1 2 0 0 2 0 0
269 10 0 0 4 0 0 4 0 0
271 4 0 0 0 0 0 0 0 0
276 37 1 1 6 0 0 0 0 0
277 16 0 0 0 0 0 8 0 0
281 25 1 1 0 0 0 0 0 0
284 51 1 1 0 0 0 0 0 0
285 72 0 0 0 0 0 0 0 0
286 36 0 0 24 0 0 0 0 0
288 6 0 0 0 0 0 0 0 0
291 3 0 0 1 0 0 0 0 0
292 1 0 0 0 0 0 0 0 0
293 22 0 0 3 0 0 0 0 0
295 6 1 1 0 0 0 0 0 0
296 2 0 0 2 0 0 0 0 0
299 4 1 1 0 0 0 2 0 0
306 12 0 0 4 0 0 4 0 0
307 4 0 0 0 0 0 0 0 0
309 8 0 0 0 0 0 0 0 0
312 3 0 0 2 0 0 1 0 0
314 1 0 0 0 0 0 0 0 0
315 11 2 2 8 0 0 0 0 0
fl=/build/glibc-CxtIbX/glibc-2.26/elf/dl-init.c
fn=_dl_init
30 25 1 1 5 0 0 3 0 0
80 11 2 2 0 0 0 6 0 0
81 1 0 0 1 1 0 0 0 0
82 1 0 0 1 0 0 0 0 0
85 3 0 0 1 0 0 0 0 0
88 2 0 0 0 0 0 1 0 0
93 2 0 0 0 0 0 0 0 0
94 2 1 1 1 0 0 0 0 0
104 2 1 1 0 0 0 1 0 0
119 15 0 0 0 0 0 0 0 0
120 12 0 0 8 0 0 0 0 0
126 8 0 0 7 0 0 0 0 0
fn=call_init.part.0
28 21 0 0 0 0 0 15 0 0
36 12 1 1 4 0 0 4 0 0
39 16 0 0 8 1 0 0 0 0
40 2 0 0 0 0 0 0 0 0
44 15 1 1 3 1 0 0 0 0
45 3 1 1 1 0 0 0 0 0
49 4 0 0 2 0 0 0 0 0
58 14 0 0 6 2 0 2 0 0
62 4 0 0 0 0 0 0 0 0
68 6 0 0 4 1 0 0 0 0
70 4 1 1 4 0 0 0 0 0
71 14 0 0 0 0 0 0 0 0
72 10 0 0 2 0 0 2 0 0
74 19 0 0 19 0 0 0 0 0
fl=/build/glibc-CxtIbX/glibc-2.26/elf/dl-load.c
fn=_dl_init_paths
661 9 2 2 0 0 0 6 0 0
674 6 0 0 2 0 0 2 1 1
678 1 0 0 0 0 0 1 0 0
679 2 0 0 0 0 0 1 0 0
680 3 0 0 0 0 0 0 0 0
687 5 1 1 0 0 0 0 0 0
688 5 0 0 1 0 0 2 0 0
691 1 0 0 0 0 0 1 0 0
692 2 0 0 0 0 0 1 0 0
694 2 0 0 0 0 0 0 0 0
700 1 0 0 0 0 0 1 0 0
701 1 0 0 0 0 0 1 0 0
709 10 0 0 0 0 0 3 0 0
711 9 0 0 0 0 0 4 0 0
712 4 1 1 0 0 0 4 1 1
714 5 1 1 0 0 0 4 1 1
715 7 0 0 3 1 1 4 1 1
716 6 0 0 0 0 0 0 0 0
719 6 1 1 3 1 1 0 0 0
720 14 0 0 8 0 0 1 0 0
721 12 1 1 0 0 0 4 0 0
723 25 0 0 10 0 0 6 0 0
729 1 1 1 0 0 0 1 0 0
730 1 0 0 0 0 0 1 0 0
734 1 0 0 1 0 0 0 0 0
735 2 0 0 0 0 0 0 0 0
737 4 0 0 1 0 0 0 0 0
739 3 0 0 1 0 0 0 0 0
756 2 0 0 0 0 0 1 0 0
758 3 1 1 1 0 0 0 0 0
772 2 1 1 0 0 0 1 0 0
777 5 1 1 1 0 0 0 0 0
785 5 1 1 0 0 0 1 0 0
787 11 0 0 0 0 0 2 0 0
791 2 1 1 0 0 0 0 0 0
804 57 0 0 14 0 0 0 0 0
806 56 0 0 0 0 0 0 0 0
808 14 0 0 0 0 0 0 0 0
811 1 0 0 0 0 0 1 0 0
812 1 0 0 0 0 0 1 0 0
813 2 1 1 0 0 0 0 0 0
819 9 0 0 1 0 0 2 0 0
823 5 0 0 4 0 0 0 0 0
829 1 1 1 0 0 0 1 0 0
833 8 0 0 7 0 0 0 0 0
fn=_dl_map_object
372 5 1 1 0 0 0 1 0 0
376 2 0 0 0 0 0 1 0 0
638 9 3 3 3 0 0 0 0 0
2127 27 1 1 0 0 0 24 4 4
2129 2 0 0 0 0 0 0 0 0
2135 6 1 1 0 0 0 0 0 0
2136 12 0 0 3 0 0 0 0 0
2139 42 0 0 9 0 0 0 0 0
2144 49 1 1 7 0 0 0 0 0
2146 35 0 0 0 0 0 7 1 1
2150 12 0 0 6 0 0 0 0 0
2151 18 1 1 6 0 0 0 0 0
2154 2 0 0 2 0 0 0 0 0
2155 4 0 0 4 0 0 0 0 0
2156 8 0 0 0 0 0 2 0 0
2173 4 1 1 2 0 0 0 0 0
2182 6 2 2 2 0 0 0 0 0
2216 2 0 0 0 0 0 2 1 1
2218 10 0 0 0 0 0 2 0 0
2222 4 1 1 0 0 0 2 0 0
2224 2 0 0 1 0 0 0 0 0
2231 4 1 1 1 0 0 0 0 0
2235 3 1 1 1 0 0 2 0 0
2240 3 0 0 1 0 0 0 0 0
2241 1 0 0 0 0 0 0 0 0
2243 10 1 1 0 0 0 4 0 0
2255 5 1 1 4 0 0 0 0 0
2256 7 1 1 1 0 0 1 0 0
2257 1 0 0 0 0 0 0 0 0
2266 2 0 0 1 0 0 0 0 0
2267 15 1 1 1 0 0 4 0 0
2273 3 0 0 0 0 0 0 0 0
2274 1 0 0 0 0 0 0 0 0
2282 1 0 0 0 0 0 1 0 0
2296 2 1 1 0 0 0 0 0 0
2298 3 0 0 1 0 0 0 0 0
2302 3 1 1 0 0 0 2 0 0
2304 2 0 0 0 0 0 0 0 0
2308 2 0 0 0 0 0 0 0 0
2316 3 0 0 1 0 0 0 0 0
2339 10 1 1 1 0 0 2 0 0
2343 4 0 0 2 0 0 0 0 0
2344 3 0 0 1 0 0 1 0 0
2361 2 1 1 1 0 0 0 0 0
2367 1 0 0 0 0 0 1 0 0
2369 2 0 0 0 0 0 0 0 0
2370 3 0 0 0 0 0 0 0 0
2374 11 0 0 0 0 0 3 0 0
2377 5 1 1 3 0 0 0 0 0
2389 6 0 0 0 0 0 0 0 0
2391 4 0 0 0 0 0 0 0 0
2435 4 0 0 2 0 0 2 0 0
2436 30 1 1 4 0 0 10 0 0
2438 27 0 0 21 0 0 0 0 0
fn=_dl_map_object_from_fd
871 30 2 2 0 0 0 22 2 2
881 8 0 0 2 0 0 4 1 1
882 2 0 0 0 0 0 2 0 0
897 31 1 1 11 0 0 0 0 0
898 10 0 0 5 0 0 0 0 0
915 4 1 1 2 0 0 0 0 0
939 8 0 0 2 0 0 2 0 0
949 4 1 1 2 0 0 0 0 0
971 8 0 0 4 0 0 0 0 0
1003 4 0 0 0 0 0 0 0 0
1006 16 1 1 10 0 0 2 0 0
1007 4 0 0 0 0 0 0 0 0
1018 6 0 0 4 0 0 2 1 1
1019 8 0 0 4 0 0 4 0 0
1020 4 1 1 2 0 0 2 0 0
1022 6 0 0 0 0 0 0 0 0
1023 8 0 0 4 0 0 0 0 0
1024 2 0 0 0 0 0 0 0 0
1041 2 0 0 0 0 0 2 0 0
1043 18 1 1 0 0 0 2 0 0
1051 108 0 0 0 0 0 0 0 0
1052 127 1 1 17 2 2 0 0 0
1058 4 0 0 2 0 0 2 0 0
1059 6 1 1 2 0 0 2 0 0
1060 2 0 0 0 0 0 0 0 0
1063 2 0 0 1 0 0 1 0 0
1064 1 0 0 0 0 0 0 0 0
1069 20 2 2 8 0 0 0 0 0
1074 32 0 0 8 0 0 0 0 0
1082 16 0 0 0 0 0 0 0 0
1083 16 0 0 0 0 0 4 2 2
1084 20 1 1 4 0 0 4 0 0
1085 4 0 0 0 0 0 4 1 1
1086 8 0 0 4 0 0 4 0 0
1087 8 0 0 0 0 0 4 1 1
1091 8 0 0 0 0 0 0 0 0
1092 12 0 0 6 0 0 2 0 0
1096 8 0 0 0 0 0 0 0 0
1097 28 1 1 4 0 0 4 0 0
1107 4 0 0 0 0 0 0 0 0
1110 3 0 0 1 0 0 0 0 0
1114 1 1 1 0 0 0 1 1 1
1115 3 0 0 2 0 0 1 0 0
1116 2 0 0 0 0 0 0 0 0
1119 3 0 0 0 0 0 1 0 0
1120 2 0 0 1 0 0 1 0 0
1123 1 0 0 0 0 0 1 1 1
1127 4 0 0 1 0 0 0 0 0
1133 3 0 0 1 0 0 2 0 0
1134 1 0 0 0 0 0 0 0 0
1142 20 1 1 2 0 0 8 0 0
1149 4 1 1 2 0 0 2 0 0
1150 2 0 0 0 0 0 0 0 0
1153 4 1 1 2 0 0 2 1 1
1154 6 0 0 4 0 0 2 0 0
1155 2 0 0 0 0 0 0 0 0
1158 8 1 1 2 0 0 0 0 0
1167 4 0 0 0 0 0 0 0 0
1177 18 1 1 6 0 0 4 0 0
1189 8 1 1 4 0 0 0 0 0
1191 2 1 1 1 0 0 0 0 0
1198 6 1 1 2 0 0 2 0 0
1205 4 0 0 0 0 0 0 0 0
1220 6 1 1 2 0 0 0 0 0
1239 4 0 0 2 0 0 2 0 0
1241 10 0 0 4 0 0 0 0 0
1295 6 0 0 2 1 1 0 0 0
1296 2 0 0 1 0 0 1 0 0
1299 8 1 1 2 0 0 2 0 0
1308 4 0 0 2 0 0 0 0 0
1310 8 0 0 4 0 0 2 0 0
1312 4 1 1 2 0 0 0 0 0
1328 4 0 0 0 0 0 2 0 0
1332 4 0 0 2 0 0 0 0 0
1333 4 0 0 2 0 0 0 0 0
1350 4 1 1 2 0 0 0 0 0
1351 2 0 0 0 0 0 1 0 0
1354 6 0 0 2 0 0 4 0 0
1359 4 1 1 2 0 0 0 0 0
1369 4 0 0 2 0 0 0 0 0
1379 6 0 0 2 0 0 2 0 0
1383 6 1 1 2 0 0 0 0 0
1403 18 0 0 14 0 0 0 0 0
fn=fillin_rpath
372 5 0 0 0 0 0 1 0 0
376 3 1 1 0 0 0 1 0 0
386 2 0 0 0 0 0 0 0 0
433 17 2 2 0 0 0 12 0 0
435 1 0 0 0 0 0 0 0 0
438 9 0 0 0 0 0 2 0 0
444 3 0 0 0 0 0 1 0 0
448 2 0 0 0 0 0 0 0 0
455 8 3 3 1 0 0 0 0 0
460 3 0 0 0 0 0 1 0 0
463 3 1 1 1 0 0 0 0 0
470 18 0 0 5 0 0 1 0 0
471 8 1 1 4 0 0 0 0 0
489 4 2 2 1 0 0 1 0 0
492 2 0 0 0 0 0 1 0 0
493 8 1 1 2 0 0 3 0 0
495 4 0 0 2 0 0 0 0 0
499 1 0 0 0 0 0 1 1 1
500 1 0 0 0 0 0 0 0 0
501 5 1 1 0 0 0 3 0 0
502 1 0 0 0 0 0 1 0 0
504 3 0 0 2 0 0 0 0 0
510 4 0 0 1 0 0 0 0 0
511 38 4 4 1 0 0 1 0 0
512 13 1 1 0 0 0 5 0 0
514 2 0 0 1 0 0 1 0 0
515 2 0 0 1 0 0 0 0 0
520 2 0 0 0 0 0 1 0 0
522 3 0 0 1 0 0 1 0 0
523 1 0 0 0 0 0 1 0 0
526 2 1 1 0 0 0 1 0 0
528 4 0 0 2 0 0 1 0 0
532 1 0 0 0 0 0 1 0 0
535 9 0 0 7 0 0 0 0 0
fn=open_path
1978 8 1 1 0 0 0 6 1 1
1979 2 0 0 1 0 0 1 1 1
1982 1 1 1 0 0 0 1 0 0
1983 1 0 0 0 0 0 1 0 0
1985 2 0 0 0 0 0 0 0 0
1990 16 1 1 2 0 0 6 2 2
1993 3 1 1 2 0 0 0 0 0
1997 1 0 0 0 0 0 0 0 0
2002 4 0 0 0 0 0 1 0 0
2009 6 0 0 2 0 0 1 1 1
2010 43 1 1 8 0 0 0 0 0
2013 16 0 0 8 0 0 0 0 0
2017 96 1 1 40 0 0 16 0 0
2020 16 0 0 0 0 0 8 0 0
2023 24 1 1 8 0 0 0 0 0
2024 7 1 1 0 0 0 0 0 0
2026 80 0 0 40 0 0 16 0 0
2028 40 1 1 24 0 0 0 0 0
2030 16 0 0 0 0 0 0 0 0
2035 16 1 1 8 0 0 0 0 0
2036 72 1 1 32 0 0 0 0 0
2042 37 1 1 18 0 0 9 0 0
2044 48 0 0 8 0 0 8 0 0
2045 2 0 0 1 0 0 0 0 0
2047 29 1 1 0 0 0 8 0 0
2054 16 0 0 0 0 0 0 0 0
2064 5 0 0 1 0 0 2 0 0
2092 2 0 0 0 0 0 0 0 0
2095 7 1 1 1 0 0 0 0 0
2100 1 0 0 1 0 0 0 0 0
2102 4 0 0 3 0 0 0 0 0
2105 3 0 0 1 0 0 0 0 0
2119 9 1 1 7 0 0 0 0 0
fn=open_verify.constprop.7
1655 140 2 2 10 0 0 90 2 2
1694 48 0 0 10 0 0 0 0 0
1725 50 0 0 10 0 0 20 0 0
1727 22 1 1 0 0 0 0 0 0
1737 2 0 0 0 0 0 2 0 0
1738 4 0 0 0 0 0 2 1 1
1743 16 0 0 4 0 0 4 0 0
1745 4 1 1 0 0 0 0 0 0
1747 6 0 0 2 0 0 2 0 0
1749 4 0 0 0 0 0 0 0 0
1755 4 0 0 0 0 0 0 0 0
1764 2 1 1 1 0 0 0 0 0
1771 38 3 3 5 1 1 5 0 0
1845 4 0 0 2 0 0 0 0 0
1850 4 0 0 2 0 0 0 0 0
1852 8 1 1 2 0 0 0 0 0
1858 4 0 0 0 0 0 0 0 0
1869 4 0 0 2 0 0 0 0 0
1875 8 0 0 2 1 1 0 0 0
1876 8 1 1 2 0 0 0 0 0
1877 4 0 0 2 0 0 0 0 0
1897 82 0 0 0 0 0 0 0 0
1899 36 1 1 17 11 11 0 0 0
1903 8 0 0 4 0 0 0 0 0
1904 6 0 0 2 0 0 0 0 0
1913 18 2 2 0 0 0 3 0 0
1916 2 0 0 0 0 0 0 0 0
1917 6 0 0 2 0 0 0 0 0
1918 6 0 0 2 0 0 0 0 0
1920 6 0 0 0 0 0 0 0 0
1925 1 0 0 0 0 0 0 0 0
1926 1 0 0 0 0 0 0 0 0
1929 2 0 0 0 0 0 0 0 0
1932 2 0 0 1 0 0 0 0 0
1933 4 0 0 1 0 0 0 0 0
1934 1 0 0 1 0 0 0 0 0
1935 3 0 0 1 0 0 0 0 0
1936 5 0 0 1 0 0 0 0 0
1941 8 0 0 0 0 0 8 0 0
1964 90 1 1 80 0 0 0 0 0
fl=/build/glibc-CxtIbX/glibc-2.26/elf/dl-lookup.c
fn=_dl_lookup_symbol_x
572 5718 0 0 1362 90 88 0 0 0
573 5088 1 1 0 0 0 0 0 0
810 1350 2 2 90 0 0 900 6 0
812 180 0 0 0 0 0 90 0 0
813 180 0 0 0 0 0 90 1 0
816 90 0 0 90 2 0 0 0 0
820 342 0 0 81 0 0 0 0 0
824 900 1 1 270 0 0 360 0 0
825 180 0 0 0 0 0 0 0 0
827 180 1 1 180 4 0 0 0 0
831 310 0 0 8 1 0 0 0 0
833 1170 1 1 630 0 0 630 2 0
836 270 0 0 0 0 0 0 0 0
839 8 0 0 0 0 0 0 0 0
862 270 1 1 180 0 0 0 0 0
864 56 1 1 16 0 0 0 0 0
879 8 1 1 0 0 0 8 0 0
880 16 0 0 0 0 0 0 0 0
883 82 0 0 82 0 0 0 0 0
884 574 0 0 164 0 0 0 0 0
915 82 0 0 0 0 0 0 0 0
924 328 0 0 82 0 0 0 0 0
938 246 1 1 82 3 0 0 0 0
939 2 2 2 0 0 0 1 0 0
941 328 0 0 164 0 0 0 0 0
946 82 0 0 0 0 0 82 0 0
948 810 0 0 630 0 0 0 0 0
fn=_dl_setup_hash
959 12 1 1 4 0 0 0 0 0
963 4 0 0 4 0 0 0 0 0
967 8 0 0 4 4 4 4 1 1
968 4 0 0 4 0 0 0 0 0
969 4 0 0 4 1 1 0 0 0
971 12 0 0 0 0 0 0 0 0
972 4 0 0 0 0 0 4 0 0
973 12 1 1 4 0 0 4 0 0
975 4 0 0 0 0 0 4 0 0
976 8 0 0 0 0 0 0 0 0
978 4 0 0 0 0 0 4 0 0
980 16 0 0 4 0 0 4 0 0
fn=check_match
92 656 1 1 164 13 9 328 1 0
95 574 1 1 164 11 11 0 0 0
107 492 0 0 82 0 0 82 2 0
110 430 0 0 34 0 0 17 1 0
114 82 0 0 82 2 0 0 0 0
115 164 1 1 0 0 0 0 0 0
117 162 0 0 0 0 0 0 0 0
136 162 0 0 162 7 2 0 0 0
137 648 1 1 243 3 0 0 0 0
138 486 1 1 162 2 0 81 0 0
165 2 1 1 0 0 0 0 0 0
167 6 0 0 2 0 0 0 0 0
168 4 0 0 0 0 0 0 0 0
176 82 0 0 0 0 0 0 0 0
183 492 0 0 410 0 0 0 0 0
fn=do_lookup_x
267 35 1 1 25 0 0 0 0 0
311 203 0 0 0 0 0 0 0 0
355 1080 1 1 90 0 0 900 7 1
356 90 0 0 90 2 0 0 0 0
362 90 0 0 90 0 0 0 0 0
366 570 1 1 570 9 0 0 0 0
369 570 0 0 0 0 0 0 0 0
373 1020 0 0 90 0 0 180 0 0
377 570 0 0 285 6 0 0 0 0
381 570 0 0 285 2 0 0 0 0
387 855 1 1 285 4 0 0 0 0
391 285 0 0 0 0 0 285 0 0
392 285 0 0 0 0 0 285 0 0
395 855 0 0 570 14 0 285 0 0
396 855 0 0 570 9 0 285 0 0
399 285 1 1 285 0 0 0 0 0
400 570 0 0 0 0 0 0 0 0
402 285 0 0 285 41 33 0 0 0
403 360 1 1 0 0 0 90 0 0
404 570 0 0 570 0 0 0 0 0
406 540 0 0 90 0 0 180 0 0
407 1140 0 0 570 0 0 0 0 0
410 1995 1 1 285 0 0 0 0 0
413 174 0 0 174 47 44 0 0 0
414 348 1 1 87 0 0 0 0 0
415 174 0 0 0 0 0 0 0 0
417 1131 1 1 348 0 0 435 0 0
420 870 1 1 174 64 62 0 0 0
422 328 0 0 82 0 0 0 0 0
423 1066 1 1 574 0 0 492 1 0
424 164 0 0 0 0 0 0 0 0
427 246 0 0 0 0 0 0 0 0
430 276 0 0 0 0 0 0 0 0
439 738 1 1 410 0 0 0 0 0
461 10 1 1 5 0 0 0 0 0
469 164 1 1 82 0 0 0 0 0
520 164 0 0 0 0 0 0 0 0
523 620 0 0 82 0 0 0 0 0
527 27 0 0 9 1 0 0 0 0
539 164 1 1 82 0 0 82 0 0
540 82 0 0 0 0 0 82 0 0
541 164 0 0 0 0 0 0 0 0
557 1420 0 0 541 1 0 0 0 0
558 130 0 0 0 0 0 26 0 0
561 609 1 1 0 0 0 0 0 0
564 8 0 0 0 0 0 0 0 0
565 720 0 0 630 0 0 0 0 0
fl=/build/glibc-CxtIbX/glibc-2.26/elf/dl-minimal.c
fn=calloc
92 8 1 1 0 0 0 0 0 0
96 8 0 0 0 0 0 0 0 0
99 16 0 0 0 0 0 0 0 0
100 24 0 0 0 0 0 0 0 0
103 8 0 0 0 0 0 0 0 0
fn=free
109 1 1 1 0 0 0 1 0 0
111 3 0 0 1 0 0 0 0 0
118 2 0 0 2 0 0 0 0 0
fn=malloc
49 6 1 1 0 0 0 4 0 0
50 87 1 1 43 0 0 0 0 0
55 3 0 0 0 0 0 1 0 0
56 2 1 1 1 0 0 0 0 0
57 2 0 0 0 0 0 0 0 0
61 66 0 0 0 0 0 22 0 0
64 146 0 0 0 0 0 0 0 0
69 8 0 0 2 0 0 0 0 0
70 4 0 0 0 0 0 0 0 0
72 2 0 0 0 0 0 0 0 0
73 16 1 1 0 0 0 2 0 0
75 10 0 0 4 0 0 0 0 0
79 6 0 0 0 0 0 2 0 0
82 22 0 0 0 0 0 22 0 0
83 22 0 0 0 0 0 22 0 0
85 50 0 0 26 0 0 0 0 0
fn=strsep
265 4 1 1 2 0 0 0 0 0
267 2 0 0 2 0 0 0 0 0
268 4 0 0 0 0 0 0 0 0
272 77 0 0 15 0 0 0 0 0
277 56 1 1 28 0 0 0 0 0
279 84 0 0 28 0 0 0 0 0
287 14 0 0 0 0 0 0 0 0
290 1 0 0 0 0 0 1 0 0
294 2 0 0 2 0 0 0 0 0
fl=/build/glibc-CxtIbX/glibc-2.26/elf/dl-misc.c
fn=_dl_name_match_p
284 200 1 1 0 0 0 80 1 1
285 160 0 0 40 0 0 40 1 0
286 43 0 0 0 0 0 0 0 0
288 40 0 0 40 0 0 0 0 0
290 162 0 0 0 0 0 0 0 0
291 220 1 1 44 5 0 44 0 0
294 41 0 0 41 0 0 0 0 0
296 37 0 0 0 0 0 0 0 0
297 200 0 0 120 0 0 0 0 0
fn=_dl_sysdep_read_whole_file
45 8 2 2 0 0 0 4 0 0
48 3 0 0 0 0 0 1 0 0
49 2 0 0 0 0 0 0 0 0
51 7 0 0 0 0 0 1 0 0
53 2 0 0 1 0 0 1 0 0
56 2 0 0 0 0 0 0 0 0
58 8 1 1 0 0 0 1 0 0
69 2 0 0 0 0 0 1 0 0
72 7 0 0 5 0 0 0 0 0
fl=/build/glibc-CxtIbX/glibc-2.26/elf/dl-object.c
fn=_dl_add_to_namespace_list
32 15 1 1 0 0 0 9 0 0
34 9 0 0 3 0 0 3 0 0
36 22 0 0 3 0 0 0 0 0
39 15 0 0 5 0 0 0 0 0
41 2 0 0 0 0 0 2 0 0
43 2 0 0 0 0 0 2 0 0
46 2 0 0 0 0 0 1 0 0
47 9 1 1 3 0 0 0 0 0
48 6 0 0 3 0 0 3 1 1
49 6 0 0 0 0 0 3 0 0
51 6 0 0 3 0 0 0 0 0
52 9 0 0 9 0 0 0 0 0
fn=_dl_new_object
61 39 1 1 0 0 0 27 2 2
62 18 0 0 0 0 0 3 1 1
68 15 1 1 6 1 1 0 0 0
69 21 0 0 0 0 0 0 0 0
75 18 1 1 0 0 0 9 0 0
78 6 0 0 0 0 0 0 0 0
81 3 0 0 0 0 0 3 2 2
82 9 1 1 3 0 0 3 3 3
86 6 0 0 0 0 0 3 2 2
87 21 0 0 6 0 0 9 0 0
89 3 0 0 0 0 0 3 0 0
97 18 0 0 6 0 0 3 0 0
98 18 1 1 6 3 3 3 0 0
101 6 0 0 3 0 0 0 0 0
102 8 1 1 2 0 0 3 3 3
103 3 0 0 0 0 0 3 0 0
107 3 0 0 0 0 0 3 0 0
110 44 1 1 0 0 0 0 0 0
112 32 0 0 0 0 0 16 4 4
122 6 0 0 0 0 0 3 0 0
123 3 0 0 0 0 0 3 3 3
128 18 1 1 3 1 1 0 0 0
130 8 0 0 0 0 0 2 2 2
133 8 1 1 0 0 0 0 0 0
137 6 0 0 2 0 0 0 0 0
141 12 1 1 0 0 0 0 0 0
149 1 0 0 0 0 0 1 1 1
152 6 0 0 0 0 0 3 0 0
155 9 0 0 0 0 0 3 0 0
157 14 0 0 2 0 0 4 0 0
161 8 1 1 2 0 0 0 0 0
165 6 0 0 0 0 0 2 0 0
166 8 0 0 0 0 0 0 0 0
211 48 1 1 4 0 0 2 0 0
216 42 0 0 0 0 0 0 0 0
217 88 1 1 42 0 0 0 0 0
222 4 0 0 0 0 0 2 0 0
225 2 0 0 0 0 0 2 0 0
229 27 1 1 21 0 0 0 0 0
fl=/build/glibc-CxtIbX/glibc-2.26/elf/dl-open.c
fn=_dl_find_dso_for_object
178 8 1 1 0 0 0 4 0 0
182 3 0 0 1 0 0 0 0 0
183 10 0 0 3 0 0 0 0 0
184 12 1 1 6 0 0 0 0 0
185 2 0 0 1 0 0 0 0 0
188 2 1 1 1 0 0 0 0 0
192 7 0 0 5 0 0 0 0 0
fl=/build/glibc-CxtIbX/glibc-2.26/elf/dl-reloc.c
fn=_dl_relocate_object
149 48 1 1 0 0 0 32 0 0
156 4 1 1 0 0 0 4 0 0
159 6 0 0 0 0 0 0 0 0
160 12 0 0 0 0 0 8 0 0
164 8 0 0 0 0 0 0 0 0
165 24 1 1 4 1 0 4 0 0
171 8 0 0 4 0 0 0 0 0
177 12 0 0 4 0 0 0 0 0
178 8 1 1 4 3 0 0 0 0
181 9 0 0 4 0 0 0 0 0
188 8 0 0 4 0 0 0 0 0
232 12 0 0 8 0 0 4 0 0
259 196 4 4 60 14 0 52 0 0
262 16 1 1 4 0 0 0 0 0
286 4 0 0 4 0 0 0 0 0
289 8 0 0 4 0 0 0 0 0
306 12 0 0 4 3 0 0 0 0
308 32 0 0 28 1 0 0 0 0
314 28 2 2 12 1 0 4 0 0
317 8 0 0 0 0 0 0 0 0
321 8 0 0 0 0 0 0 0 0
322 24 0 0 4 0 0 4 0 0
fl=/build/glibc-CxtIbX/glibc-2.26/elf/dl-tunables.c
fn=__GI___tunables_init
67 260 1 1 52 0 0 0 0 0
70 51 0 0 0 0 0 0 0 0
73 4492 1 1 649 22 22 0 0 0
77 102 0 0 0 0 0 0 0 0
82 153 0 0 0 0 0 51 0 0
156 2 0 0 0 0 0 1 0 0
286 3 0 0 1 0 0 0 0 0
295 8 2 2 0 0 0 6 1 1
303 102 0 0 0 0 0 0 0 0
318 3315 1 1 0 0 0 0 0 0
324 4080 1 1 1632 0 0 0 0 0
336 204 0 0 51 0 0 0 0 0
370 8 0 0 7 0 0 0 0 0
fn=__tunable_get_val
379 151 1 1 17 11 0 0 0 0
383 19 0 0 17 1 0 2 0 0
384 2 0 0 0 0 0 0 0 0
388 3 0 0 0 0 0 3 0 0
389 3 0 0 0 0 0 0 0 0
393 12 0 0 0 0 0 12 0 0
405 85 1 1 17 0 0 0 0 0
406 17 0 0 17 0 0 0 0 0
fl=/build/glibc-CxtIbX/glibc-2.26/elf/dl-tunables.h
fn=__GI___tunables_init
120 2111 1 1 964 8 8 0 0 0
121 2059 0 0 0 0 0 0 0 0
fl=/build/glibc-CxtIbX/glibc-2.26/elf/dl-version.c
fn=_dl_check_all_versions
380 5 1 1 0 0 0 4 0 0
384 19 0 0 4 0 0 0 0 0
385 4 0 0 0 0 0 0 0 0
386 40 1 1 4 0 0 4 0 0
389 7 0 0 5 0 0 0 0 0
fn=_dl_check_map_versions
56 24 1 1 4 0 0 0 0 0
57 5 0 0 5 0 0 0 0 0
58 35 0 0 0 0 0 7 0 0
174 32 2 2 0 0 0 24 0 0
175 2 0 0 0 0 0 0 0 0
183 2 1 1 0 0 0 0 0 0
189 12 0 0 4 0 0 0 0 0
191 8 0 0 4 0 0 4 0 0
193 8 0 0 4 0 0 4 0 0
194 20 0 0 4 0 0 12 0 0
196 8 1 1 0 0 0 0 0 0
199 6 0 0 4 0 0 2 0 0
203 10 0 0 2 2 2 0 0 0
220 4 0 0 4 0 0 0 0 0
228 6 0 0 2 0 0 0 0 0
233 9 1 1 4 0 0 0 0 0
237 50 1 1 26 1 1 6 0 0
239 3 0 0 3 0 0 0 0 0
244 18 0 0 9 0 0 0 0 0
247 9 0 0 3 0 0 0 0 0
256 8 1 1 4 0 0 0 0 0
270 9 1 1 4 0 0 0 0 0
273 8 0 0 6 0 0 0 0 0
276 132 0 0 33 9 9 0 0 0
279 99 0 0 33 4 4 0 0 0
283 31 0 0 0 0 0 0 0 0
287 6 1 1 0 0 0 0 0 0
292 3 0 0 0 0 0 3 0 0
293 12 0 0 0 0 0 3 0 0
294 6 0 0 0 0 0 0 0 0
302 3 0 0 0 0 0 3 0 0
305 9 1 1 6 0 0 3 0 0
307 9 0 0 3 0 0 0 0 0
310 8 0 0 6 0 0 0 0 0
314 6 0 0 2 0 0 0 0 0
317 9 1 1 3 0 0 0 0 0
319 9 0 0 0 0 0 0 0 0
321 15 0 0 3 0 0 3 0 0
322 9 0 0 0 0 0 3 2 2
323 9 0 0 3 0 0 3 0 0
324 9 1 1 3 0 0 3 1 1
327 9 0 0 3 0 0 0 0 0
332 1 0 0 0 0 0 0 0 0
335 6 0 0 2 0 0 0 0 0
345 9 0 0 3 0 0 0 0 0
348 8 0 0 6 0 0 0 0 0
352 31 0 0 31 0 0 0 0 0
354 66 1 1 33 0 0 0 0 0
358 31 0 0 31 0 0 0 0 0
359 155 0 0 31 0 0 31 9 9
360 93 0 0 31 0 0 31 0 0
361 31 0 0 0 0 0 31 4 4
364 101 0 0 33 0 0 0 0 0
368 31 0 0 0 0 0 0 0 0
374 36 0 0 28 0 0 0 0 0
fn=match_symbol
76 39 2 2 0 0 0 24 0 0
77 6 0 0 6 0 0 0 0 0
85 6 0 0 3 0 0 0 0 0
91 9 0 0 3 0 0 0 0 0
106 3 1 1 3 0 0 0 0 0
107 6 0 0 0 0 0 0 0 0
109 3 0 0 3 0 0 0 0 0
114 20 0 0 10 3 3 0 0 0
128 20 0 0 10 0 0 0 0 0
130 3 1 1 3 0 0 0 0 0
133 18 0 0 3 1 1 3 0 0
140 21 0 0 7 0 0 0 0 0
144 7 0 0 0 0 0 0 0 0
168 24 0 0 21 0 0 0 0 0
fl=/build/glibc-CxtIbX/glibc-2.26/elf/do-rel.h
fn=_dl_relocate_object
47 16 0 0 8 0 0 0 0 0
48 8 0 0 8 0 0 0 0 0
58 24 0 0 8 1 0 0 0 0
61 146 0 0 0 0 0 0 0 0
63 184 1 1 46 17 17 0 0 0
65 119 1 1 0 0 0 0 0 0
74 4 0 0 0 0 0 0 0 0
75 139 1 1 17 0 0 0 0 0
76 78 0 0 39 0 0 0 0 0
83 12 0 0 6 0 0 6 0 0
84 6 1 1 6 0 0 0 0 0
86 24 0 0 12 0 0 0 0 0
98 18 0 0 0 0 0 0 0 0
108 8 0 0 0 0 0 0 0 0
111 3620 1 1 0 0 0 0 0 0
112 2406 0 0 1203 1 0 0 0 0
118 18 1 1 6 4 0 0 0 0
121 10 0 0 5 1 0 5 1 0
124 331 1 1 109 0 0 3 1 0
127 412 1 1 103 27 24 0 0 0
136 412 0 0 206 39 37 0 0 0
137 412 0 0 103 0 0 103 1 0
138 352 1 1 103 1 0 0 0 0
139 309 0 0 206 0 0 103 0 0
143 6 0 0 0 0 0 0 0 0
160 22 2 2 5 0 0 4 0 0
162 20 1 1 5 1 1 0 0 0
170 30 0 0 5 0 0 5 0 0
171 15 0 0 10 0 0 5 0 0
174 4 0 0 2 0 0 0 0 0
fn=_dl_start
83 1 0 0 1 0 0 0 0 0
84 1 0 0 1 0 0 0 0 0
111 102 0 0 0 0 0 0 0 0
112 66 0 0 33 5 5 0 0 0
116 2 0 0 1 0 0 0 0 0
124 25 0 0 0 0 0 0 0 0
136 21 1 1 7 2 2 0 0 0
137 14 0 0 0 0 0 0 0 0
139 14 0 0 7 0 0 0 0 0
fl=/build/glibc-CxtIbX/glibc-2.26/elf/get-dynamic-info.h
fn=_dl_map_object_from_fd
42 4 0 0 0 0 0 0 0 0
46 2 0 0 0 0 0 0 0 0
48 141 0 0 47 13 13 0 0 0
50 90 0 0 0 0 0 0 0 0
63 42 0 0 0 0 0 0 0 0
64 71 1 1 0 0 0 43 10 10
65 8 0 0 0 0 0 0 0 0
67 2 0 0 0 0 0 0 0 0
68 10 1 1 0 0 0 0 0 0
70 2 0 0 0 0 0 0 0 0
71 10 1 1 0 0 0 0 0 0
72 2 0 0 0 0 0 0 0 0
73 8 0 0 0 0 0 2 1 1
74 45 0 0 0 0 0 0 0 0
81 4 1 1 0 0 0 0 0 0
101 7 0 0 3 0 0 0 0 0
102 8 0 0 4 0 0 0 0 0
103 8 0 0 4 0 0 0 0 0
104 8 0 0 4 0 0 0 0 0
106 8 1 1 4 0 0 0 0 0
111 8 0 0 4 0 0 0 0 0
112 7 0 0 3 1 1 0 0 0
113 8 0 0 4 0 0 0 0 0
119 6 1 1 2 0 0 0 0 0
124 4 0 0 2 0 0 0 0 0
131 4 0 0 2 0 0 0 0 0
132 6 0 0 4 0 0 0 0 0
148 6 0 0 2 1 1 0 0 0
153 2 0 0 1 0 0 1 0 0
155 2 0 0 0 0 0 0 0 0
157 2 0 0 0 0 0 0 0 0
159 2 0 0 0 0 0 0 0 0
162 6 1 1 2 0 0 0 0 0
164 4 1 1 1 0 0 1 0 0
172 2 0 0 1 0 0 0 0 0
177 2 0 0 0 0 0 0 0 0
180 4 0 0 2 0 0 0 0 0
fn=_dl_start
48 57 1 1 19 6 6 0 0 0
50 36 0 0 0 0 0 0 0 0
51 1 0 0 0 0 0 0 0 0
63 21 1 1 0 0 0 0 0 0
64 29 0 0 0 0 0 17 7 7
65 4 0 0 0 0 0 0 0 0
67 2 0 0 0 0 0 0 0 0
68 5 2 2 0 0 0 0 0 0
70 2 0 0 0 0 0 0 0 0
71 5 1 1 0 0 0 0 0 0
72 1 0 0 0 0 0 0 0 0
73 5 0 0 0 0 0 1 1 1
74 18 0 0 0 0 0 0 0 0
81 2 0 0 0 0 0 0 0 0
101 4 1 1 2 0 0 0 0 0
102 4 0 0 2 0 0 0 0 0
103 4 0 0 2 0 0 0 0 0
104 4 0 0 2 0 0 0 0 0
106 4 1 1 2 0 0 0 0 0
111 4 0 0 2 0 0 0 0 0
112 4 0 0 2 0 0 0 0 0
113 4 0 0 2 0 0 0 0 0
119 3 1 1 1 0 0 0 0 0
124 2 0 0 1 0 0 0 0 0
131 3 0 0 1 0 0 0 0 0
132 3 0 0 2 0 0 0 0 0
140 3 0 0 1 0 0 0 0 0
142 3 1 1 1 0 0 0 0 0
145 2 0 0 1 0 0 0 0 0
146 2 0 0 1 0 0 0 0 0
fn=dl_main
33 1 0 0 1 0 0 0 0 0
42 2 0 0 0 0 0 0 0 0
46 1 0 0 0 0 0 0 0 0
48 81 0 0 27 7 7 0 0 0
50 52 0 0 0 0 0 0 0 0
63 25 1 1 0 0 0 0 0 0
64 42 0 0 0 0 0 25 6 6
65 4 0 0 0 0 0 0 0 0
67 1 0 0 0 0 0 0 0 0
68 5 1 1 0 0 0 0 0 0
70 1 0 0 0 0 0 0 0 0
71 5 1 1 0 0 0 0 0 0
72 1 0 0 0 0 0 0 0 0
73 4 1 1 0 0 0 1 0 0
74 26 0 0 0 0 0 0 0 0
81 3 0 0 1 0 0 0 0 0
101 3 0 0 1 0 0 0 0 0
102 4 1 1 2 0 0 0 0 0
103 4 0 0 2 0 0 0 0 0
104 4 0 0 2 0 0 0 0 0
106 4 0 0 2 0 0 0 0 0
111 4 1 1 2 0 0 0 0 0
112 4 0 0 2 0 0 0 0 0
113 4 0 0 2 0 0 0 0 0
119 3 0 0 1 0 0 0 0 0
124 2 0 0 1 0 0 0 0 0
131 2 1 1 1 0 0 0 0 0
132 3 0 0 2 0 0 0 0 0
148 3 0 0 1 0 0 0 0 0
153 2 0 0 1 0 0 1 0 0
155 2 0 0 0 0 0 0 0 0
157 2 0 0 0 0 0 0 0 0
159 2 1 1 0 0 0 0 0 0
160 1 0 0 0 0 0 1 0 0
162 3 0 0 1 0 0 0 0 0
164 3 0 0 1 0 0 1 0 0
172 2 0 0 1 0 0 0 0 0
177 2 0 0 0 0 0 0 0 0
178 2 1 1 1 0 0 1 0 0
180 2 0 0 1 0 0 0 0 0
fl=/build/glibc-CxtIbX/glibc-2.26/elf/rtld.c
fn=_dl_start
393 2 0 0 0 0 0 1 1 1
394 2 0 0 0 0 0 1 0 0
395 2 1 1 0 0 0 1 1 1
396 2 0 0 0 0 0 1 0 0
397 2 0 0 0 0 0 1 0 0
405 5 1 1 0 0 0 1 1 1
408 1 0 0 0 0 0 1 0 0
414 4 1 0 0 0 0 1 0 0
423 4 0 0 0 0 0 0 0 0
426 2 0 0 1 1 0 1 1 1
430 2 0 0 1 0 0 0 0 0
444 9 1 1 0 0 0 6 0 0
462 5 0 0 0 0 0 1 1 1
485 1 0 0 0 0 0 1 0 0
488 1 0 0 0 0 0 1 1 1
499 2 1 1 0 0 0 0 0 0
504 26 2 2 8 0 0 0 0 0
506 1 0 0 1 1 1 0 0 0
531 9 0 0 7 1 0 0 0 0
fn=dl_main
798 1 0 0 1 0 0 0 0 0
800 1 0 0 0 0 0 1 0 0
809 1 1 1 0 0 0 1 0 0
811 1 0 0 0 0 0 1 0 0
816 1 0 0 0 0 0 1 0 0
869 12 1 1 0 0 0 7 1 1
878 1 0 0 0 0 0 0 0 0
884 1 0 0 0 0 0 1 0 0
886 2 1 1 0 0 0 1 1 1
890 2 0 0 0 0 0 1 1 1
891 2 0 0 0 0 0 1 0 0
896 2 1 1 0 0 0 1 0 0
906 3 1 1 1 0 0 0 0 0
1107 8 2 2 0 0 0 1 0 0
1109 2 0 0 0 0 0 0 0 0
1110 1 0 0 0 0 0 1 1 1
1111 2 0 0 1 0 0 1 0 0
1112 2 1 1 1 0 0 1 0 0
1116 3 0 0 0 0 0 1 0 0
1117 3 0 0 1 0 0 0 0 0
1138 1 0 0 0 0 0 1 0 0
1139 1 1 1 0 0 0 1 0 0
1141 1 0 0 0 0 0 1 0 0
1143 1 0 0 1 0 0 0 0 0
1146 33 0 0 1 0 0 0 0 0
1147 71 1 1 9 5 5 0 0 0
1151 3 1 1 1 0 0 1 0 0
1152 1 0 0 0 0 0 0 0 0
1156 3 1 1 2 0 0 1 0 0
1157 1 0 0 0 0 0 0 0 0
1165 2 0 0 0 0 0 1 1 1
1166 3 1 1 2 1 1 0 0 0
1168 1 0 0 0 0 0 1 0 0
1175 2 0 0 1 0 0 0 0 0
1187 1 0 0 0 0 0 0 0 0
1193 1 0 0 0 0 0 0 0 0
1201 4 0 0 2 0 0 0 0 0
1202 11 2 2 3 1 1 0 0 0
1203 4 0 0 2 0 0 0 0 0
1204 1 0 0 0 0 0 1 0 0
1207 4 0 0 2 1 1 0 0 0
1208 4 0 0 2 0 0 0 0 0
1209 2 0 0 0 0 0 2 0 0
1210 6 0 0 3 0 0 0 0 0
1211 2 0 0 0 0 0 1 0 0
1238 2 0 0 1 0 0 1 0 0
1239 1 0 0 0 0 0 0 0 0
1242 2 0 0 1 0 0 1 0 0
1243 2 0 0 1 0 0 1 0 0
1244 1 0 0 0 0 0 0 0 0
1249 5 1 1 3 1 1 0 0 0
1252 2 0 0 0 0 0 0 0 0
1254 2 0 0 0 0 0 0 0 0
1256 3 1 1 1 0 0 0 0 0
1269 3 0 0 1 0 0 0 0 0
1270 6 1 1 1 0 0 2 0 0
1272 3 0 0 3 0 0 0 0 0
1275 2 0 0 1 0 0 1 0 0
1277 1 0 0 0 0 0 1 1 1
1278 1 0 0 0 0 0 1 0 0
1280 2 0 0 1 0 0 0 0 0
1281 2 0 0 0 0 0 1 0 0
1285 2 1 1 1 0 0 0 0 0
1287 2 0 0 0 0 0 0 0 0
1292 2 0 0 0 0 0 1 0 0
1295 2 0 0 1 0 0 0 0 0
1311 4 1 1 0 0 0 2 0 0
1317 9 1 1 1 0 0 2 0 0
1322 2 2 2 1 0 0 1 0 0
1325 4 0 0 1 0 0 2 0 0
1327 1 0 0 0 0 0 1 0 0
1332 2 0 0 1 0 0 0 0 0
1335 3 0 0 2 0 0 1 0 0
1336 4 0 0 1 0 0 1 0 0
1337 2 0 0 1 0 0 1 0 0
1338 1 0 0 0 0 0 1 0 0
1339 1 1 1 1 0 0 0 0 0
1340 1 0 0 1 0 0 0 0 0
1345 2 0 0 1 0 0 0 0 0
1346 5 1 1 1 0 0 1 0 0
1363 2 0 0 1 1 1 0 0 0
1364 2 0 0 1 0 0 0 0 0
1366 3 1 1 1 0 0 0 0 0
1368 1 0 0 0 0 0 1 0 0
1369 4 0 0 1 0 0 1 0 0
1374 3 0 0 0 0 0 0 0 0
1375 5 0 0 1 1 1 0 0 0
1377 2 0 0 1 0 0 1 1 1
1378 2 1 1 1 0 0 1 0 0
1383 2 0 0 1 1 1 0 0 0
1388 1 1 1 0 0 0 1 0 0
1389 4 0 0 2 0 0 0 0 0
1390 2 0 0 0 0 0 0 0 0
1569 2 0 0 0 0 0 2 0 0
1577 3 0 0 1 0 0 0 0 0
1580 2 0 0 1 0 0 1 0 0
1584 3 1 1 1 0 0 0 0 0
1589 2 0 0 1 0 0 1 0 0
1590 1 0 0 0 0 0 1 0 0
1591 1 0 0 0 0 0 0 0 0
1595 3 0 0 1 0 0 0 0 0
1610 3 0 0 2 0 0 0 0 0
1611 1 0 0 0 0 0 0 0 0
1612 1 0 0 0 0 0 0 0 0
1614 3 1 1 1 0 0 0 0 0
1616 5 0 0 0 0 0 0 0 0
1617 3 0 0 0 0 0 1 0 0
1618 4 0 0 0 0 0 0 0 0
1620 2 0 0 1 0 0 0 0 0
1630 5 1 1 0 0 0 1 0 0
1707 4 0 0 2 0 0 0 0 0
1711 8 1 1 0 0 0 0 0 0
1712 1 1 1 0 0 0 0 0 0
1715 3 0 0 0 0 0 1 0 0
1716 1 0 0 1 0 0 0 0 0
1717 2 0 0 0 0 0 0 0 0
1718 2 0 0 0 0 0 0 0 0
1724 5 1 1 0 0 0 0 0 0
1725 8 0 0 1 0 0 1 0 0
1726 4 0 0 0 0 0 0 0 0
1728 2 0 0 1 0 0 0 0 0
1731 15 1 1 2 0 0 0 0 0
1732 12 0 0 8 0 0 0 0 0
1735 3 0 0 2 0 0 1 0 0
1736 4 1 1 1 0 0 0 0 0
1737 1 0 0 0 0 0 1 0 0
1739 10 2 2 0 0 0 0 0 0
1740 13 0 0 7 0 0 0 0 0
1750 2 1 1 0 0 0 1 0 0
1752 2 0 0 1 0 0 1 0 0
1753 3 0 0 1 0 0 0 0 0
1755 2 1 1 0 0 0 1 0 0
1757 3 0 0 0 0 0 0 0 0
1759 3 0 0 1 0 0 0 0 0
1760 1 0 0 1 0 0 0 0 0
1773 2 1 1 0 0 0 0 0 0
1774 2 0 0 1 0 0 1 0 0
1775 3 0 0 1 0 0 0 0 0
1786 5 1 1 1 0 0 1 0 0
1787 1 0 0 0 0 0 1 0 0
1788 6 0 0 0 0 0 2 0 0
1798 2 0 0 1 0 0 1 0 0
1799 2 1 1 1 0 0 0 0 0
1800 2 0 0 0 0 0 2 0 0
1802 2 0 0 1 0 0 0 0 0
1807 3 0 0 1 0 0 0 0 0
2037 3 0 0 1 0 0 0 0 0
2093 2 1 1 0 0 0 1 0 0
2097 4 1 1 2 0 0 2 0 0
2101 2 0 0 1 0 0 1 0 0
2104 2 0 0 1 0 0 0 0 0
2158 3 1 1 1 0 0 0 0 0
2165 1 0 0 1 0 0 0 0 0
2167 7 1 1 1 0 0 0 0 0
2169 11 1 1 0 0 0 0 0 0
2171 12 0 0 8 2 0 0 0 0
2176 8 0 0 8 0 0 0 0 0
2178 10 1 1 0 0 0 0 0 0
2180 1 1 1 0 0 0 1 0 0
2181 1 0 0 1 0 0 0 0 0
2184 4 0 0 4 0 0 0 0 0
2186 8 0 0 4 1 0 0 0 0
2187 24 0 0 6 2 0 3 0 0
2191 14 0 0 5 1 0 0 0 0
2192 3 0 0 0 0 0 1 0 0
2194 4 0 0 0 0 0 0 0 0
2196 2 0 0 0 0 0 1 0 0
2202 2 0 0 1 0 0 0 0 0
2207 4 1 1 2 1 0 0 0 0
2209 1 0 0 1 0 0 0 0 0
2216 3 0 0 1 0 0 1 0 0
2219 2 1 1 1 0 0 0 0 0
2228 3 0 0 2 0 0 0 0 0
2230 2 0 0 1 0 0 0 0 0
2245 5 1 1 0 0 0 0 0 0
2247 1 0 0 1 0 0 0 0 0
2248 5 0 0 1 0 0 1 0 0
2249 4 0 0 0 0 0 0 0 0
2251 2 0 0 1 0 0 0 0 0
2259 1 0 0 0 0 0 1 0 0
2263 3 0 0 1 0 0 0 0 0
2283 4 1 1 0 0 0 1 0 0
2284 1 0 0 0 0 0 1 0 0
2285 1 0 0 0 0 0 1 0 0
2286 1 0 0 0 0 0 0 0 0
2290 1 0 0 0 0 0 1 0 0
2295 8 0 0 7 2 0 0 0 0
2461 2 0 0 1 0 0 1 1 1
2463 1 0 0 0 0 0 1 0 0
2464 1 0 0 0 0 0 0 0 0
2468 10 1 1 1 0 0 3 1 1
2470 15 0 0 3 0 0 3 1 1
2474 107 1 1 21 0 0 0 0 0
2475 19 0 0 0 0 0 0 0 0
2477 4 0 0 0 0 0 0 0 0
2483 14 0 0 2 1 1 0 0 0
2504 6 1 1 0 0 0 1 0 0
2511 6 1 1 0 0 0 1 0 0
2513 3 0 0 0 0 0 1 0 0
2559 3 1 1 1 0 0 0 0 0
2560 6 1 1 0 0 0 1 0 0
2562 3 1 1 0 0 0 1 1 1
2632 3 0 0 1 0 0 0 0 0
2664 3 0 0 1 0 0 0 0 0
fn=handle_ld_preload
121 3 0 0 1 0 0 0 0 0
751 1 1 1 0 0 0 1 0 0
755 1 0 0 0 0 0 1 0 0
756 1 0 0 0 0 0 1 0 0
757 1 0 0 0 0 0 1 0 0
759 1 0 0 1 0 0 0 0 0
761 12 1 1 2 0 0 3 1 1
762 3 0 0 1 0 0 0 0 0
770 3 0 0 1 0 0 0 0 0
836 9 1 1 0 0 0 6 0 0
837 1 0 0 0 0 0 0 0 0
841 4 0 0 2 0 0 0 0 0
844 4 0 0 0 0 0 1 0 0
845 3 0 0 0 0 0 0 0 0
847 5 1 1 0 0 0 1 0 0
848 2 0 0 0 0 0 1 0 0
854 1 1 1 0 0 0 0 0 0
856 2 0 0 1 0 0 0 0 0
858 2 0 0 1 0 0 0 0 0
859 1 0 0 0 0 0 0 0 0
862 9 0 0 7 0 0 0 0 0
fn=init_tls
680 2 0 0 0 0 0 1 0 0
682 2 0 0 1 0 0 1 0 0
686 2 0 0 1 0 0 0 0 0
692 2 0 0 0 0 0 1 0 0
695 1 0 0 0 0 0 1 0 0
696 4 1 1 0 0 0 1 0 0
701 1 0 0 0 0 0 0 0 0
703 1 0 0 0 0 0 1 0 0
707 2 0 0 1 1 1 0 0 0
708 1 0 0 0 0 0 0 0 0
709 11 1 1 1 0 0 0 0 0
710 8 0 0 4 0 0 0 0 0
711 8 0 0 4 0 0 0 0 0
715 3 0 0 0 0 0 1 0 0
717 1 0 0 0 0 0 0 0 0
719 3 1 1 0 0 0 0 0 0
722 1 0 0 0 0 0 1 0 0
729 2 0 0 0 0 0 1 0 0
730 2 0 0 0 0 0 0 0 0
736 2 1 1 1 0 0 1 0 0
739 7 0 0 0 0 0 2 0 0
742 1 1 1 0 0 0 1 0 0
745 3 0 0 2 0 0 0 0 0
fn=map_doit
587 2 1 1 0 0 0 1 0 0
589 4 1 1 1 0 0 0 0 0
590 6 0 0 2 0 0 2 0 0
592 2 0 0 2 0 0 0 0 0
fn=rtld_lock_default_lock_recursive
783 8 1 1 8 2 1 0 0 0
fn=rtld_lock_default_unlock_recursive
789 8 1 1 8 1 0 0 0 0
fn=version_check_doit
620 2 1 1 0 0 0 1 0 0
622 6 0 0 2 0 0 1 0 0
626 2 0 0 2 0 0 0 0 0
fl=/build/glibc-CxtIbX/glibc-2.26/elf/setup-vdso.h
fn=dl_main
24 2 0 0 1 0 0 0 0 0
fl=/build/glibc-CxtIbX/glibc-2.26/io/../sysdeps/unix/sysv/linux/access.c
fn=access
27 24 1 1 0 0 0 3 1 1
31 3 0 0 3 0 0 0 0 0
fl=/build/glibc-CxtIbX/glibc-2.26/io/../sysdeps/unix/sysv/linux/close.c
fn=close
26 15 1 1 0 0 0 0 0 0
27 3 0 0 3 0 0 0 0 0
fl=/build/glibc-CxtIbX/glibc-2.26/io/../sysdeps/unix/sysv/linux/open64.c
fn=open
29 11 0 0 0 0 0 11 2 2
32 77 1 1 0 0 0 0 0 0
46 101 1 1 0 0 0 8 0 0
48 11 0 0 11 0 0 0 0 0
fl=/build/glibc-CxtIbX/glibc-2.26/io/../sysdeps/unix/sysv/linux/read.c
fn=read
26 10 1 1 0 0 0 0 0 0
27 2 0 0 2 0 0 0 0 0
fl=/build/glibc-CxtIbX/glibc-2.26/io/../sysdeps/unix/sysv/linux/wordsize-64/fxstat.c
fn=_fxstat
34 6 1 1 0 0 0 0 0 0
35 18 0 0 0 0 0 0 0 0
39 3 0 0 3 0 0 0 0 0
fl=/build/glibc-CxtIbX/glibc-2.26/io/../sysdeps/unix/sysv/linux/wordsize-64/xstat.c
fn=_xstat
33 8 0 0 0 0 0 0 0 0
34 16 1 1 0 0 0 0 0 0
35 76 0 0 7 0 0 7 0 0
39 1 0 0 1 0 0 0 0 0
fl=/build/glibc-CxtIbX/glibc-2.26/malloc/arena.c
fn=malloc_hook_ini
296 3 1 1 1 1 1 0 0 0
fn=ptmalloc_init.part.1
294 5 1 1 1 0 0 2 0 0
299 1 0 0 0 0 0 1 0 0
307 2 0 0 1 0 0 0 0 0
308 7 1 1 0 0 0 1 1 1
309 4 1 1 2 1 0 0 0 0
313 3 1 1 1 1 0 1 1 0
319 6 0 0 2 2 0 0 0 0
320 2 1 1 0 0 0 1 0 0
322 5 0 0 0 0 0 1 0 0
323 4 1 1 0 0 0 1 0 0
324 4 0 0 0 0 0 1 0 0
325 4 0 0 0 0 0 1 0 0
326 4 0 0 0 0 0 1 0 0
327 4 1 1 0 0 0 1 0 0
328 4 0 0 0 0 0 1 0 0
329 4 0 0 0 0 0 1 0 0
331 4 1 1 0 0 0 1 0 0
332 4 0 0 0 0 0 1 0 0
333 4 0 0 0 0 0 1 0 0
336 4 1 1 2 0 0 0 0 0
409 2 0 0 2 2 1 0 0 0
410 2 0 0 0 0 0 0 0 0
413 1 0 0 0 0 0 1 1 0
414 6 0 0 4 0 0 0 0 0
fn=sysmalloc
550 4 0 0 0 0 0 1 0 0
fl=/build/glibc-CxtIbX/glibc-2.26/malloc/hooks.c
fn=malloc_hook_ini
29 4 0 0 0 0 0 3 0 0
30 2 1 1 1 0 0 1 0 0
33 5 0 0 4 1 0 0 0 0
fl=/build/glibc-CxtIbX/glibc-2.26/malloc/malloc.c
fn=_int_malloc
1911 6 1 1 2 1 1 0 0 0
2967 4 1 1 0 0 0 1 0 0
3521 16 0 0 0 0 0 12 0 0
3555 18 2 2 0 0 0 0 0 0
3559 4 0 0 0 0 0 0 0 0
3561 2 0 0 0 0 0 0 0 0
3583 4 0 0 2 0 0 0 0 0
3633 4 1 1 0 0 0 0 0 0
3636 5 1 1 1 0 0 0 0 0
3638 3 0 0 1 0 0 0 0 0
3703 7 1 1 0 0 0 1 0 0
3704 2 0 0 1 0 0 0 0 0
3722 6 1 1 1 0 0 2 0 0
3723 6 0 0 0 0 0 2 0 0
3724 6 1 1 4 0 0 0 0 0
3728 2 0 0 0 0 0 0 0 0
3733 2 0 0 0 0 0 0 0 0
3734 6 0 0 0 0 0 0 0 0
3755 6 0 0 2 0 0 2 0 0
3871 2 0 0 0 0 0 0 0 0
3896 4 1 1 0 0 0 0 0 0
3907 4 1 1 0 0 0 0 0 0
3909 5 0 0 1 0 0 0 0 0
3912 3 0 0 1 0 0 0 0 0
3983 4 1 1 2 0 0 0 0 0
3984 4 0 0 0 0 0 0 0 0
3985 4 0 0 0 0 0 0 0 0
3986 4 0 0 2 0 0 0 0 0
3987 4 0 0 0 0 0 0 0 0
3992 4 0 0 0 0 0 0 0 0
3996 14 1 1 0 0 0 0 0 0
3999 12 1 1 3 1 0 0 0 0
4099 2 0 0 2 0 0 0 0 0
4100 4 0 0 2 0 0 0 0 0
4102 4 0 0 2 0 0 0 0 0
4104 1 1 1 0 0 0 0 0 0
4105 1 0 0 0 0 0 0 0 0
4106 1 0 0 0 0 0 1 0 0
4107 9 1 1 0 0 0 1 0 0
4109 2 0 0 0 0 0 1 1 1
4112 2 0 0 1 0 0 0 0 0
4119 3 1 1 1 0 0 1 0 0
4124 6 1 1 0 0 0 2 0 0
4126 64 2 2 2 0 0 24 0 0
4134 4 1 1 0 0 0 1 0 0
4135 2 0 0 0 0 0 0 0 0
4140 19 2 2 15 0 0 0 0 0
fn=malloc
3057 3 0 0 0 0 0 3 0 0
3062 2 1 1 2 0 0 0 0 0
3063 2 0 0 0 0 0 0 0 0
3064 2 1 1 1 0 0 0 0 0
3101 3 1 1 3 0 0 0 0 0
fn=malloc_consolidate
1834 504 1 1 1 0 0 0 0 0
1835 378 1 1 0 0 0 130 32 32
1839 3 1 1 0 0 0 0 0 0
1843 3 1 1 1 0 0 1 0 0
1844 2 0 0 0 0 0 1 0 0
1846 2 0 0 0 0 0 1 1 1
4444 11 1 1 1 1 0 7 0 0
4466 7 1 1 5 3 3 0 0 0
4539 11 0 0 9 0 0 0 0 0
5414 1 1 1 0 0 0 1 1 0
fn=malloc_hook_ini
3019 4 1 1 2 1 0 1 0 0
3063 2 1 1 0 0 0 0 0 0
3067 8 1 1 0 0 0 0 0 0
3070 4 1 1 2 1 0 0 0 0
3073 2 0 0 1 0 0 0 0 0
3083 13 2 2 5 0 0 0 0 0
3085 4 1 1 0 0 0 1 0 0
3088 2 0 0 0 0 0 0 0 0
3095 2 1 1 1 0 0 1 0 0
3096 4 0 0 2 0 0 0 0 0
3098 10 1 1 1 0 0 0 0 0
fn=sysmalloc
2300 11 2 2 1 0 0 7 0 0
2320 2 0 0 2 0 0 0 0 0
2331 2 0 0 0 0 0 0 0 0
2332 6 1 1 1 0 0 2 0 0
2347 3 0 0 0 0 0 1 0 0
2413 1 0 0 1 0 0 0 0 0
2414 3 0 0 1 0 0 0 0 0
2415 1 0 0 0 0 0 0 0 0
2424 6 1 1 1 0 0 0 0 0
2430 3 0 0 0 0 0 0 0 0
2433 3 0 0 0 0 0 0 0 0
2486 3 1 1 1 0 0 0 0 0
2494 2 0 0 1 0 0 0 0 0
2495 1 0 0 0 0 0 0 0 0
2505 6 0 0 0 0 0 2 0 0
2513 2 1 1 0 0 0 0 0 0
2515 7 0 0 2 1 0 4 0 0
2516 2 0 0 1 0 0 0 0 0
2519 4 1 1 2 0 0 0 0 0
2522 4 0 0 2 0 0 0 0 0
2523 2 0 0 0 0 0 0 0 0
2569 2 0 0 1 1 1 0 0 0
2570 2 1 1 0 0 0 1 0 0
2571 3 0 0 1 0 0 1 0 0
2577 2 1 1 0 0 0 0 0 0
2580 7 1 1 1 0 0 0 0 0
2617 2 0 0 0 0 0 0 0 0
2623 4 0 0 0 0 0 0 0 0
2642 1 1 1 0 0 0 0 0 0
2645 2 0 0 0 0 0 0 0 0
2646 5 0 0 2 0 0 0 0 0
2648 2 0 0 0 0 0 0 0 0
2649 5 1 1 2 0 0 3 0 0
2661 4 0 0 2 0 0 0 0 0
2669 2 0 0 2 0 0 0 0 0
2670 4 0 0 1 0 0 0 0 0
2708 1 1 1 0 0 0 1 0 0
2709 5 0 0 0 0 0 1 1 1
2710 2 0 0 0 0 0 1 0 0
2721 2 0 0 0 0 0 0 0 0
2753 2 1 1 1 0 0 0 0 0
2754 1 0 0 0 0 0 1 0 0
2759 2 0 0 1 0 0 0 0 0
2762 2 0 0 0 0 0 0 0 0
2764 1 1 1 0 0 0 0 0 0
2765 1 0 0 0 0 0 0 0 0
2766 1 0 0 0 0 0 1 0 0
2767 8 0 0 0 0 0 1 0 0
2768 2 0 0 0 0 0 1 1 1
2770 1 0 0 0 0 0 0 0 0
2776 11 1 1 9 0 0 0 0 0
fn=tcache_init.part.7
3013 1 0 0 0 0 0 1 0 0
3022 12 2 2 5 0 0 0 0 0
3023 4 0 0 0 0 0 1 0 0
3024 2 1 1 0 0 0 0 0 0
3032 4 0 0 2 0 0 0 0 0
3039 2 0 0 0 0 0 0 0 0
3041 2 1 1 1 0 0 1 0 0
3042 80 0 0 0 0 0 73 8 8
3045 2 0 0 2 0 0 0 0 0
fl=/build/glibc-CxtIbX/glibc-2.26/malloc/morecore.c
fn=__default_morecore
46 2 1 1 0 0 0 0 0 0
47 2 0 0 0 0 0 2 0 0
49 6 0 0 0 0 0 0 0 0
52 4 0 0 2 0 0 0 0 0
fl=/build/glibc-CxtIbX/glibc-2.26/misc/../sysdeps/unix/syscall-template.S
fn=mprotect
84 24 1 1 0 0 0 0 0 0
85 6 0 0 6 0 0 0 0 0
fn=munmap
84 4 0 0 0 0 0 0 0 0
85 1 0 0 1 0 0 0 0 0
fl=/build/glibc-CxtIbX/glibc-2.26/misc/../sysdeps/unix/sysv/linux/mmap64.c
fn=mmap
41 80 0 0 0 0 0 48 1 1
44 16 1 1 0 0 0 0 0 0
47 46 1 1 2 0 0 0 0 0
52 80 1 1 0 0 0 0 0 0
54 56 0 0 56 0 0 0 0 0
fl=/build/glibc-CxtIbX/glibc-2.26/misc/../sysdeps/unix/sysv/linux/x86_64/brk.c
fn=brk
31 16 2 2 2 0 0 2 0 0
33 4 0 0 0 0 0 0 0 0
39 2 0 0 0 0 0 0 0 0
40 2 0 0 2 0 0 0 0 0
fl=/build/glibc-CxtIbX/glibc-2.26/misc/init-misc.c
fn=__init_misc
30 3 0 0 0 0 0 2 0 0
31 6 1 1 1 0 0 0 0 0
33 3 0 0 0 0 0 1 0 0
37 5 1 1 1 1 0 1 1 0
38 3 0 0 2 0 0 1 0 0
40 4 0 0 3 0 0 0 0 0
fl=/build/glibc-CxtIbX/glibc-2.26/misc/sbrk.c
fn=sbrk
34 8 1 1 0 0 0 6 0 0
42 11 0 0 5 3 0 0 0 0
43 6 2 2 1 0 0 1 0 0
46 4 0 0 0 0 0 0 0 0
50 6 0 0 0 0 0 0 0 0
58 4 0 0 0 0 0 1 0 0
62 10 0 0 8 0 0 0 0 0
fl=/build/glibc-CxtIbX/glibc-2.26/posix/../sysdeps/unix/syscall-template.S
fn=uname
84 4 1 1 0 0 0 0 0 0
85 1 0 0 1 0 0 0 0 0
fl=/build/glibc-CxtIbX/glibc-2.26/setjmp/../sysdeps/x86_64/bsd-_setjmp.S
fn=_setjmp
30 1 1 1 0 0 0 0 0 0
32 1 0 0 0 0 0 0 0 0
fl=/build/glibc-CxtIbX/glibc-2.26/setjmp/../sysdeps/x86_64/setjmp.S
fn=__sigsetjmp
26 4 2 2 0 0 0 4 0 0
35 4 0 0 0 0 0 0 0 0
36 8 0 0 4 0 0 0 0 0
37 4 0 0 0 0 0 4 0 0
41 4 0 0 0 0 0 4 1 1
42 4 0 0 0 0 0 4 0 0
43 4 0 0 0 0 0 4 0 0
44 4 0 0 0 0 0 4 0 0
45 4 0 0 0 0 0 0 0 0
47 8 1 1 4 0 0 0 0 0
49 4 0 0 0 0 0 4 0 0
50 4 0 0 4 0 0 0 0 0
51 4 0 0 0 0 0 0 0 0
53 8 1 1 4 0 0 0 0 0
55 4 0 0 0 0 0 4 0 0
59 3 0 0 0 0 0 0 0 0
60 3 0 0 3 0 0 0 0 0
63 1 0 0 0 0 0 0 0 0
fl=/build/glibc-CxtIbX/glibc-2.26/setjmp/sigjmp.c
fn=__sigjmp_save
28 2 0 0 0 0 0 1 0 0
29 3 0 0 0 0 0 1 0 0
34 3 0 0 2 0 0 0 0 0
fl=/build/glibc-CxtIbX/glibc-2.26/stdlib/cxa_atexit.c
fn=__cxa_atexit
35 2 0 0 0 0 0 1 0 0
37 2 0 0 0 0 0 0 0 0
41 3 1 1 1 0 0 0 0 0
43 1 0 0 0 0 0 1 0 0
44 1 0 0 0 0 0 1 0 0
45 1 0 0 0 0 0 1 0 0
47 1 0 0 0 0 0 1 0 0
48 1 0 0 0 0 0 0 0 0
57 6 1 1 0 0 0 3 0 0
59 4 0 0 4 0 0 0 0 0
fn=__new_exitfn
73 4 1 1 0 0 0 2 0 0
79 6 1 1 2 2 2 0 0 0
81 9 2 2 2 1 0 0 0 0
83 3 0 0 1 1 0 0 0 0
91 2 0 0 0 0 0 1 0 0
112 1 1 1 0 0 0 0 0 0
113 2 0 0 0 0 0 1 0 0
126 1 1 1 0 0 0 1 0 0
127 1 0 0 1 1 1 0 0 0
130 4 1 1 2 0 0 0 0 0
133 5 0 0 3 0 0 0 0 0
fl=/build/glibc-CxtIbX/glibc-2.26/string/../bits/stdlib-bsearch.h
fn=intel_check_word.isra.0
27 24 0 0 0 0 0 0 0 0
28 12 0 0 0 0 0 0 0 0
29 168 1 1 0 0 0 0 0 0
31 228 0 0 0 0 0 0 0 0
32 81 0 0 0 0 0 0 0 0
37 15 1 1 0 0 0 0 0 0
fl=/build/glibc-CxtIbX/glibc-2.26/string/../sysdeps/x86/cacheinfo.c
fn=handle_intel.constprop.1
259 30 1 1 3 0 0 21 0 0
261 3 1 1 3 0 0 0 0 0
264 9 0 0 3 0 0 0 0 0
270 3 0 0 0 0 0 3 0 0
272 3 0 0 0 0 0 3 0 0
273 3 0 0 0 0 0 3 0 0
275 12 1 1 0 0 0 0 0 0
281 15 2 2 0 0 0 6 0 0
286 6 0 0 0 0 0 0 0 0
288 9 0 0 0 0 0 3 0 0
289 3 0 0 0 0 0 0 0 0
293 18 0 0 0 0 0 3 0 0
295 6 0 0 0 0 0 0 0 0
298 21 1 1 0 0 0 3 0 0
300 6 0 0 0 0 0 0 0 0
319 33 1 1 27 0 0 0 0 0
fn=init_cacheinfo
488 7 1 1 0 0 0 6 0 0
500 1 0 0 1 0 0 0 0 0
502 4 1 1 2 0 0 0 0 0
504 3 1 1 0 0 0 1 0 0
506 3 1 1 0 0 0 1 0 0
510 1 0 0 0 0 0 1 0 0
511 3 0 0 0 0 0 1 0 0
519 2 0 0 0 0 0 0 0 0
530 1 0 0 0 0 0 0 0 0
535 3 0 0 1 0 0 0 0 0
539 2 0 0 0 0 0 0 0 0
547 6 1 1 0 0 0 0 0 0
550 14 1 1 0 0 0 0 0 0
556 8 0 0 0 0 0 0 0 0
559 26 0 0 0 0 0 0 0 0
564 2 0 0 0 0 0 0 0 0
568 4 0 0 0 0 0 0 0 0
569 1 0 0 0 0 0 0 0 0
573 2 0 0 0 0 0 0 0 0
577 3 0 0 0 0 0 0 0 0
580 3 0 0 0 0 0 0 0 0
581 1 0 0 0 0 0 0 0 0
586 7 0 0 0 0 0 0 0 0
592 2 1 1 0 0 0 0 0 0
600 9 0 0 1 0 0 0 0 0
602 4 1 1 0 0 0 0 0 0
604 7 0 0 0 0 0 0 0 0
606 8 0 0 0 0 0 0 0 0
608 2 0 0 0 0 0 0 0 0
609 2 0 0 0 0 0 0 0 0
610 8 0 0 0 0 0 0 0 0
612 4 1 1 0 0 0 0 0 0
615 2 0 0 0 0 0 0 0 0
620 1 0 0 0 0 0 0 0 0
622 4 0 0 0 0 0 0 0 0
623 3 0 0 0 0 0 0 0 0
624 1 0 0 0 0 0 0 0 0
627 4 0 0 0 0 0 0 0 0
630 2 0 0 0 0 0 0 0 0
634 2 0 0 1 0 0 0 0 0
637 1 0 0 0 0 0 0 0 0
639 4 1 1 0 0 0 0 0 0
640 2 0 0 0 0 0 0 0 0
645 2 0 0 0 0 0 0 0 0
651 2 0 0 0 0 0 0 0 0
652 2 0 0 0 0 0 0 0 0
653 1 0 0 0 0 0 0 0 0
654 2 0 0 1 0 0 0 0 0
676 2 1 1 0 0 0 0 0 0
691 4 1 1 0 0 0 0 0 0
692 5 0 0 0 0 0 0 0 0
696 2 0 0 0 0 0 0 0 0
755 3 1 1 1 0 0 0 0 0
758 2 0 0 0 0 0 0 0 0
760 3 0 0 0 0 0 1 0 0
761 1 0 0 0 0 0 1 1 1
763 1 0 0 0 0 0 0 0 0
764 3 0 0 0 0 0 1 0 0
765 1 1 1 0 0 0 1 1 1
768 3 0 0 1 0 0 0 0 0
771 2 0 0 0 0 0 0 0 0
773 3 1 1 0 0 0 1 0 0
774 1 0 0 0 0 0 1 0 0
776 1 0 0 0 0 0 0 0 0
777 3 0 0 0 0 0 1 0 0
778 1 0 0 0 0 0 1 0 0
786 2 0 0 1 0 0 1 1 1
788 8 0 0 1 0 0 0 0 0
789 8 0 0 7 0 0 0 0 0
fn=intel_check_word.isra.0
119 183 0 0 81 6 6 0 0 0
122 81 0 0 0 0 0 0 0 0
128 36 0 0 0 0 0 24 0 0
132 12 1 1 0 0 0 0 0 0
134 3 0 0 0 0 0 0 0 0
138 42 1 1 0 0 0 0 0 0
140 48 0 0 0 0 0 0 0 0
142 15 0 0 0 0 0 0 0 0
144 30 0 0 0 0 0 0 0 0
152 30 0 0 0 0 0 0 0 0
164 28 0 0 0 0 0 0 0 0
167 24 1 1 0 0 0 0 0 0
171 16 0 0 0 0 0 0 0 0
173 32 0 0 0 0 0 0 0 0
174 24 0 0 0 0 0 0 0 0
175 14 0 0 0 0 0 0 0 0
176 24 1 1 0 0 0 0 0 0
177 18 0 0 0 0 0 0 0 0
178 14 0 0 0 0 0 0 0 0
179 10 0 0 0 0 0 0 0 0
181 3 1 1 0 0 0 0 0 0
183 6 1 1 0 0 0 0 0 0
185 9 1 1 0 0 0 0 0 0
186 12 0 0 0 0 0 0 0 0
187 9 0 0 0 0 0 0 0 0
188 15 1 1 0 0 0 0 0 0
196 5 0 0 0 0 0 0 0 0
203 24 0 0 0 0 0 0 0 0
225 12 1 1 0 0 0 0 0 0
250 12 0 0 0 0 0 0 0 0
255 36 0 0 30 0 0 0 0 0
fl=/build/glibc-CxtIbX/glibc-2.26/string/../sysdeps/x86_64/memcmp.S
fn=bcmp
24 13 1 1 0 0 0 0 0 0
25 13 0 0 0 0 0 0 0 0
26 13 0 0 0 0 0 0 0 0
27 13 0 0 0 0 0 0 0 0
28 13 0 0 0 0 0 0 0 0
29 13 0 0 0 0 0 0 0 0
30 13 0 0 0 0 0 0 0 0
31 13 0 0 0 0 0 0 0 0
34 13 0 0 0 0 0 0 0 0
35 13 0 0 0 0 0 0 0 0
36 5 0 0 5 1 1 0 0 0
37 5 0 0 5 3 3 0 0 0
38 5 0 0 0 0 0 0 0 0
39 5 0 0 0 0 0 0 0 0
40 5 0 0 0 0 0 0 0 0
41 5 0 0 0 0 0 0 0 0
42 5 0 0 0 0 0 0 0 0
44 12 1 1 0 0 0 0 0 0
45 12 0 0 0 0 0 0 0 0
46 4 0 0 4 0 0 0 0 0
47 4 0 0 4 0 0 0 0 0
48 4 0 0 0 0 0 0 0 0
49 4 0 0 0 0 0 0 0 0
50 4 0 0 0 0 0 0 0 0
51 4 0 0 0 0 0 0 0 0
52 4 0 0 0 0 0 0 0 0
54 12 0 0 0 0 0 0 0 0
55 12 0 0 0 0 0 0 0 0
56 5 1 1 5 1 1 0 0 0
57 5 0 0 5 1 1 0 0 0
58 5 0 0 0 0 0 0 0 0
59 5 0 0 0 0 0 0 0 0
60 2 0 0 0 0 0 0 0 0
61 2 0 0 0 0 0 0 0 0
62 2 0 0 0 0 0 0 0 0
64 9 0 0 0 0 0 0 0 0
65 9 0 0 0 0 0 0 0 0
66 5 0 0 5 0 0 0 0 0
67 5 0 0 5 2 2 0 0 0
68 5 0 0 0 0 0 0 0 0
69 5 0 0 0 0 0 0 0 0
74 4 0 0 4 3 3 0 0 0
75 4 0 0 4 0 0 0 0 0
76 4 0 0 0 0 0 0 0 0
77 4 0 0 0 0 0 0 0 0
78 4 0 0 0 0 0 0 0 0
79 4 0 0 0 0 0 0 0 0
80 4 0 0 0 0 0 0 0 0
81 2 0 0 0 0 0 0 0 0
82 2 0 0 0 0 0 0 0 0
83 2 0 0 2 0 0 0 0 0
84 2 0 0 2 0 0 0 0 0
85 2 0 0 0 0 0 0 0 0
92 2 0 0 0 0 0 0 0 0
94 3 0 0 3 0 0 0 0 0
98 8 1 1 0 0 0 0 0 0
99 8 0 0 0 0 0 0 0 0
100 1 0 0 0 0 0 0 0 0
101 1 0 0 0 0 0 0 0 0
102 1 0 0 0 0 0 0 0 0
103 1 0 0 0 0 0 0 0 0
104 1 0 0 0 0 0 0 0 0
105 1 0 0 0 0 0 0 0 0
106 1 0 0 0 0 0 0 0 0
107 1 0 0 0 0 0 0 0 0
108 1 0 0 0 0 0 0 0 0
109 1 0 0 0 0 0 0 0 0
110 1 0 0 1 0 0 0 0 0
114 9 1 1 0 0 0 0 0 0
115 9 0 0 9 0 0 0 0 0
fl=/build/glibc-CxtIbX/glibc-2.26/string/../sysdeps/x86_64/multiarch/../strchr.S
fn=index
24 7 1 1 0 0 0 0 0 0
25 7 0 0 0 0 0 0 0 0
26 7 0 0 0 0 0 0 0 0
27 7 0 0 0 0 0 0 0 0
28 7 0 0 0 0 0 0 0 0
29 7 0 0 0 0 0 0 0 0
30 7 0 0 0 0 0 0 0 0
31 7 0 0 0 0 0 0 0 0
32 7 0 0 7 2 2 0 0 0
33 7 0 0 0 0 0 0 0 0
34 7 0 0 0 0 0 0 0 0
35 7 1 1 0 0 0 0 0 0
36 7 0 0 0 0 0 0 0 0
37 7 0 0 0 0 0 0 0 0
38 7 0 0 0 0 0 0 0 0
39 7 0 0 0 0 0 0 0 0
40 7 0 0 0 0 0 0 0 0
41 5 0 0 0 0 0 0 0 0
45 5 0 0 0 0 0 0 0 0
46 5 0 0 0 0 0 0 0 0
47 5 0 0 5 0 0 0 0 0
48 5 0 0 0 0 0 0 0 0
50 5 0 0 5 0 0 0 0 0
54 2 0 0 2 0 0 0 0 0
55 2 0 0 0 0 0 0 0 0
56 2 0 0 0 0 0 0 0 0
57 2 0 0 0 0 0 0 0 0
58 2 0 0 0 0 0 0 0 0
59 2 1 1 0 0 0 0 0 0
60 2 0 0 2 1 1 0 0 0
61 2 0 0 0 0 0 0 0 0
62 2 0 0 0 0 0 0 0 0
63 2 0 0 0 0 0 0 0 0
64 2 0 0 0 0 0 0 0 0
65 2 0 0 0 0 0 0 0 0
66 2 0 0 0 0 0 0 0 0
67 2 0 0 2 0 0 0 0 0
68 2 0 0 0 0 0 0 0 0
69 2 0 0 0 0 0 0 0 0
70 2 0 0 0 0 0 0 0 0
71 2 0 0 0 0 0 0 0 0
72 2 0 0 0 0 0 0 0 0
73 2 0 0 0 0 0 0 0 0
74 2 0 0 0 0 0 0 0 0
75 2 1 1 0 0 0 0 0 0
76 2 0 0 0 0 0 0 0 0
77 2 0 0 0 0 0 0 0 0
129 2 1 1 0 0 0 0 0 0
133 2 0 0 0 0 0 0 0 0
134 2 0 0 0 0 0 0 0 0
135 2 0 0 2 0 0 0 0 0
136 2 1 1 0 0 0 0 0 0
138 2 0 0 2 0 0 0 0 0
fl=/build/glibc-CxtIbX/glibc-2.26/string/../sysdeps/x86_64/multiarch/../strlen.S
fn=strlen
79 14 1 1 0 0 0 0 0 0
80 14 0 0 0 0 0 0 0 0
81 14 0 0 0 0 0 0 0 0
82 14 0 0 0 0 0 0 0 0
83 14 1 1 0 0 0 0 0 0
84 14 0 0 0 0 0 0 0 0
85 14 0 0 0 0 0 0 0 0
87 14 0 0 0 0 0 0 0 0
89 14 0 0 0 0 0 0 0 0
120 14 0 0 14 3 3 0 0 0
121 14 0 0 0 0 0 0 0 0
122 14 0 0 0 0 0 0 0 0
123 14 0 0 0 0 0 0 0 0
124 14 0 0 0 0 0 0 0 0
125 8 0 0 0 0 0 0 0 0
127 8 0 0 8 0 0 0 0 0
131 6 0 0 0 0 0 0 0 0
132 6 0 0 6 0 0 0 0 0
133 6 0 0 6 0 0 0 0 0
134 6 0 0 6 0 0 0 0 0
135 6 1 1 0 0 0 0 0 0
136 6 0 0 0 0 0 0 0 0
137 6 0 0 0 0 0 0 0 0
138 6 0 0 0 0 0 0 0 0
139 6 0 0 0 0 0 0 0 0
140 6 0 0 0 0 0 0 0 0
141 6 0 0 0 0 0 0 0 0
142 6 0 0 0 0 0 0 0 0
147 48 0 0 6 0 0 0 0 0
fl=/build/glibc-CxtIbX/glibc-2.26/string/../sysdeps/x86_64/multiarch/ifunc-avx2.h
fn=memchr
30 4 0 0 0 0 0 0 0 0
32 3 1 1 2 0 0 0 0 0
fn=memrchr
30 4 0 0 0 0 0 0 0 0
32 3 2 2 2 0 0 0 0 0
fn=rawmemchr
30 4 0 0 0 0 0 0 0 0
32 3 1 1 2 0 0 0 0 0
fn=rindex
30 4 1 1 0 0 0 0 0 0
32 3 0 0 2 0 0 0 0 0
fn=strchrnul
30 4 0 0 0 0 0 0 0 0
32 3 1 1 2 0 0 0 0 0
fn=strlen
30 4 0 0 0 0 0 0 0 0
32 3 1 1 2 0 0 0 0 0
fn=strnlen
30 8 0 0 0 0 0 0 0 0
32 6 1 1 4 0 0 0 0 0
fl=/build/glibc-CxtIbX/glibc-2.26/string/../sysdeps/x86_64/multiarch/ifunc-memcmp.h
fn=bcmp
32 2 0 0 0 0 0 0 0 0
33 4 1 1 2 0 0 0 0 0
34 3 0 0 1 0 0 0 0 0
35 3 0 0 0 0 0 0 0 0
fl=/build/glibc-CxtIbX/glibc-2.26/string/../sysdeps/x86_64/multiarch/ifunc-memmove.h
fn=memcpy@@GLIBC_2.14
44 5 1 1 2 0 0 0 0 0
47 2 0 0 0 0 0 0 0 0
48 2 1 1 0 0 0 0 0 0
59 2 0 0 0 0 0 0 0 0
61 5 0 0 2 0 0 0 0 0
fn=memmove
44 10 2 2 4 1 0 0 0 0
47 4 0 0 0 0 0 0 0 0
48 4 0 0 0 0 0 0 0 0
59 4 0 0 0 0 0 0 0 0
61 10 0 0 4 1 0 0 0 0
fn=mempcpy
44 5 1 1 2 0 0 0 0 0
47 2 0 0 0 0 0 0 0 0
48 2 1 1 0 0 0 0 0 0
59 2 0 0 0 0 0 0 0 0
61 5 0 0 2 0 0 0 0 0
fl=/build/glibc-CxtIbX/glibc-2.26/string/../sysdeps/x86_64/multiarch/ifunc-memset.h
fn=memset
42 5 1 1 2 0 0 0 0 0
45 2 0 0 0 0 0 0 0 0
46 2 0 0 0 0 0 0 0 0
57 2 0 0 0 0 0 0 0 0
59 5 1 1 2 0 0 0 0 0
fl=/build/glibc-CxtIbX/glibc-2.26/string/../sysdeps/x86_64/multiarch/ifunc-sse4_2.h
fn=strcspn
30 6 1 1 3 0 0 0 0 0
fn=strpbrk
30 6 0 0 3 0 0 0 0 0
fn=strspn
30 6 2 2 3 0 0 0 0 0
fl=/build/glibc-CxtIbX/glibc-2.26/string/../sysdeps/x86_64/multiarch/ifunc-strcasecmp.h
fn=strcasecmp
32 5 1 1 2 0 0 0 0 0
fn=strcasecmp_l
32 5 1 1 2 0 0 0 0 0
fn=strncasecmp
32 5 0 0 2 0 0 0 0 0
fn=strncasecmp_l
32 5 1 1 2 0 0 0 0 0
fl=/build/glibc-CxtIbX/glibc-2.26/string/../sysdeps/x86_64/multiarch/ifunc-unaligned-ssse3.h
fn=stpcpy
33 4 1 1 2 0 0 0 0 0
36 4 0 0 1 0 0 0 0 0
fn=stpncpy
33 4 1 1 2 0 0 0 0 0
36 4 0 0 1 0 0 0 0 0
fn=strcat
33 4 1 1 2 0 0 0 0 0
36 4 0 0 1 0 0 0 0 0
fn=strcpy
33 4 0 0 2 0 0 0 0 0
36 4 0 0 1 0 0 0 0 0
fn=strncpy
33 4 2 2 2 0 0 0 0 0
36 4 0 0 1 0 0 0 0 0
fl=/build/glibc-CxtIbX/glibc-2.26/string/../sysdeps/x86_64/multiarch/memchr.c
fn=memchr
29 1 0 0 1 0 0 0 0 0
fl=/build/glibc-CxtIbX/glibc-2.26/string/../sysdeps/x86_64/multiarch/memcmp.c
fn=bcmp
29 1 0 0 1 0 0 0 0 0
fl=/build/glibc-CxtIbX/glibc-2.26/string/../sysdeps/x86_64/multiarch/memmove-vec-unaligned-erms.S
fn=memcpy
131 14 1 1 0 0 0 0 0 0
133 40 0 0 0 0 0 0 0 0
134 40 0 0 0 0 0 0 0 0
135 12 0 0 0 0 0 0 0 0
136 12 0 0 0 0 0 0 0 0
141 8 0 0 8 0 0 0 0 0
142 8 0 0 8 0 0 0 0 0
143 8 0 0 0 0 0 8 3 3
144 8 0 0 0 0 0 8 0 0
149 8 0 0 8 0 0 0 0 0
271 28 0 0 0 0 0 0 0 0
272 28 0 0 0 0 0 0 0 0
273 9 0 0 0 0 0 0 0 0
274 9 0 0 0 0 0 0 0 0
275 4 0 0 0 0 0 0 0 0
276 4 0 0 0 0 0 0 0 0
277 2 0 0 0 0 0 0 0 0
278 1 0 0 1 0 0 0 0 0
279 1 0 0 0 0 0 1 1 1
281 2 0 0 2 0 0 0 0 0
303 19 0 0 19 0 0 0 0 0
304 19 0 0 19 0 0 0 0 0
305 19 0 0 0 0 0 19 4 4
306 19 0 0 0 0 0 19 0 0
307 19 0 0 19 0 0 0 0 0
310 5 0 0 5 0 0 0 0 0
311 5 0 0 5 0 0 0 0 0
312 5 0 0 0 0 0 5 1 1
313 5 0 0 0 0 0 5 0 0
314 5 0 0 5 0 0 0 0 0
317 2 1 1 2 1 1 0 0 0
318 2 0 0 2 0 0 0 0 0
319 2 0 0 0 0 0 2 1 1
320 2 0 0 0 0 0 2 0 0
321 2 0 0 2 0 0 0 0 0
331 4 0 0 0 0 0 0 0 0
332 4 0 0 0 0 0 0 0 0
333 4 0 0 0 0 0 0 0 0
334 4 0 0 0 0 0 0 0 0
356 4 1 1 4 0 0 0 0 0
357 4 1 1 4 0 0 0 0 0
358 4 0 0 4 0 0 0 0 0
359 4 0 0 4 0 0 0 0 0
360 4 0 0 0 0 0 4 2 2
361 4 0 0 0 0 0 4 1 1
362 4 0 0 0 0 0 4 2 2
363 4 0 0 0 0 0 4 0 0
365 4 0 0 4 0 0 0 0 0
fn=mempcpy
117 26 1 1 0 0 0 0 0 0
118 26 0 0 0 0 0 0 0 0
119 26 0 0 0 0 0 0 0 0
fl=/build/glibc-CxtIbX/glibc-2.26/string/../sysdeps/x86_64/multiarch/memrchr.c
fn=memrchr
29 1 0 0 1 0 0 0 0 0
fl=/build/glibc-CxtIbX/glibc-2.26/string/../sysdeps/x86_64/multiarch/memset-vec-unaligned-erms.S
fn=memset
109 50 1 1 0 0 0 0 0 0
111 10 0 0 0 0 0 0 0 0
112 10 0 0 0 0 0 0 0 0
113 6 1 1 0 0 0 0 0 0
114 6 0 0 0 0 0 0 0 0
116 4 0 0 0 0 0 4 2 2
117 4 0 0 0 0 0 4 0 0
119 4 0 0 4 0 0 0 0 0
174 2 0 0 0 0 0 0 0 0
175 2 0 0 0 0 0 0 0 0
185 2 0 0 0 0 0 0 0 0
186 2 0 0 0 0 0 2 2 2
187 2 0 0 0 0 0 0 0 0
188 2 0 0 0 0 0 2 2 2
189 2 1 1 0 0 0 2 0 0
190 2 0 0 0 0 0 2 0 0
191 2 0 0 0 0 0 2 1 1
192 2 0 0 0 0 0 2 0 0
193 2 0 0 0 0 0 2 0 0
194 2 0 0 0 0 0 2 0 0
195 2 0 0 0 0 0 0 0 0
196 2 0 0 0 0 0 0 0 0
197 2 0 0 0 0 0 0 0 0
198 2 0 0 0 0 0 0 0 0
200 32 0 0 0 0 0 32 29 29
201 32 0 0 0 0 0 32 0 0
202 32 0 0 0 0 0 32 0 0
203 32 0 0 0 0 0 32 0 0
204 32 0 0 0 0 0 0 0 0
205 32 0 0 0 0 0 0 0 0
206 32 0 0 0 0 0 0 0 0
207 2 0 0 2 0 0 0 0 0
222 4 1 1 0 0 0 0 0 0
223 4 0 0 0 0 0 0 0 0
224 4 0 0 0 0 0 0 0 0
225 2 0 0 0 0 0 0 0 0
226 2 0 0 0 0 0 0 0 0
227 1 0 0 0 0 0 0 0 0
228 1 0 0 0 0 0 0 0 0
252 2 0 0 0 0 0 2 1 1
253 2 0 0 0 0 0 2 0 0
255 2 0 0 2 0 0 0 0 0
258 1 0 0 0 0 0 1 0 0
259 1 0 0 0 0 0 1 0 0
261 1 0 0 1 0 0 0 0 0
264 1 0 0 0 0 0 1 0 0
265 1 0 0 0 0 0 1 0 0
267 1 0 0 1 0 0 0 0 0
fl=/build/glibc-CxtIbX/glibc-2.26/string/../sysdeps/x86_64/multiarch/rawmemchr.c
fn=rawmemchr
31 1 0 0 1 0 0 0 0 0
fl=/build/glibc-CxtIbX/glibc-2.26/string/../sysdeps/x86_64/multiarch/stpcpy.c
fn=stpcpy
34 1 0 0 1 0 0 0 0 0
fl=/build/glibc-CxtIbX/glibc-2.26/string/../sysdeps/x86_64/multiarch/stpncpy.c
fn=stpncpy
31 1 0 0 1 0 0 0 0 0
fl=/build/glibc-CxtIbX/glibc-2.26/string/../sysdeps/x86_64/multiarch/strcasecmp.c
fn=strcasecmp
31 1 1 1 1 0 0 0 0 0
fl=/build/glibc-CxtIbX/glibc-2.26/string/../sysdeps/x86_64/multiarch/strcasecmp_l.c
fn=strcasecmp_l
31 1 0 0 1 0 0 0 0 0
fl=/build/glibc-CxtIbX/glibc-2.26/string/../sysdeps/x86_64/multiarch/strcat.c
fn=strcat
29 1 0 0 1 0 0 0 0 0
fl=/build/glibc-CxtIbX/glibc-2.26/string/../sysdeps/x86_64/multiarch/strchr.c
fn=index
38 3 0 0 0 0 0 0 0 0
40 4 0 0 2 0 0 0 0 0
49 1 0 0 1 0 0 0 0 0
fl=/build/glibc-CxtIbX/glibc-2.26/string/../sysdeps/x86_64/multiarch/strchrnul.c
fn=strchrnul
31 1 0 0 1 0 0 0 0 0
fl=/build/glibc-CxtIbX/glibc-2.26/string/../sysdeps/x86_64/multiarch/strcmp.c
fn=strcmp
38 4 2 2 2 0 0 0 0 0
41 4 0 0 1 0 0 0 0 0
47 1 0 0 1 0 0 0 0 0
fl=/build/glibc-CxtIbX/glibc-2.26/string/../sysdeps/x86_64/multiarch/strcpy.c
fn=strcpy
29 1 0 0 1 0 0 0 0 0
fl=/build/glibc-CxtIbX/glibc-2.26/string/../sysdeps/x86_64/multiarch/strlen.c
fn=strlen
29 1 0 0 1 0 0 0 0 0
fl=/build/glibc-CxtIbX/glibc-2.26/string/../sysdeps/x86_64/multiarch/strncase.c
fn=strncasecmp
31 1 1 1 1 0 0 0 0 0
fl=/build/glibc-CxtIbX/glibc-2.26/string/../sysdeps/x86_64/multiarch/strncase_l.c
fn=strncasecmp_l
31 1 1 1 1 0 0 0 0 0
fl=/build/glibc-CxtIbX/glibc-2.26/string/../sysdeps/x86_64/multiarch/strncmp.c
fn=strncmp
38 4 1 1 2 0 0 0 0 0
39 3 0 0 1 0 0 0 0 0
48 1 0 0 1 0 0 0 0 0
fl=/build/glibc-CxtIbX/glibc-2.26/string/../sysdeps/x86_64/multiarch/strncpy.c
fn=strncpy
30 1 0 0 1 0 0 0 0 0
fl=/build/glibc-CxtIbX/glibc-2.26/string/../sysdeps/x86_64/multiarch/strnlen.c
fn=strnlen
31 2 0 0 2 0 0 0 0 0
fl=/build/glibc-CxtIbX/glibc-2.26/string/../sysdeps/x86_64/multiarch/strrchr-avx2.S
fn=__strrchr_avx2
43 1 1 1 0 0 0 0 0 0
44 1 0 0 0 0 0 0 0 0
46 1 0 0 0 0 0 0 0 0
47 1 0 0 0 0 0 0 0 0
50 1 0 0 0 0 0 0 0 0
51 1 0 0 0 0 0 0 0 0
52 1 0 0 0 0 0 0 0 0
54 1 0 0 1 1 0 0 0 0
55 1 0 0 0 0 0 0 0 0
56 1 1 1 0 0 0 0 0 0
57 1 0 0 0 0 0 0 0 0
58 1 0 0 0 0 0 0 0 0
59 1 0 0 0 0 0 0 0 0
61 1 0 0 0 0 0 0 0 0
62 1 0 0 0 0 0 0 0 0
74 1 0 0 0 0 0 0 0 0
75 1 0 0 0 0 0 0 0 0
216 1 1 1 0 0 0 0 0 0
217 1 0 0 0 0 0 0 0 0
218 1 0 0 0 0 0 0 0 0
219 1 1 1 0 0 0 0 0 0
220 1 0 0 0 0 0 0 0 0
222 1 0 0 0 0 0 0 0 0
223 1 0 0 0 0 0 0 0 0
224 1 0 0 0 0 0 0 0 0
225 1 0 0 0 0 0 0 0 0
226 1 0 0 1 0 0 0 0 0
fl=/build/glibc-CxtIbX/glibc-2.26/string/../sysdeps/x86_64/multiarch/strrchr.c
fn=rindex
28 1 0 0 1 0 0 0 0 0
fl=/build/glibc-CxtIbX/glibc-2.26/string/../sysdeps/x86_64/strcmp.S
fn=strcmp
144 189 1 1 0 0 0 0 0 0
145 189 0 0 0 0 0 0 0 0
147 189 0 0 0 0 0 0 0 0
148 189 0 0 0 0 0 0 0 0
169 189 0 0 0 0 0 0 0 0
170 189 0 0 0 0 0 0 0 0
171 106 0 0 0 0 0 0 0 0
172 106 0 0 0 0 0 0 0 0
173 61 0 0 61 8 5 0 0 0
174 61 0 0 61 4 0 0 0 0
175 61 0 0 61 0 0 0 0 0
176 61 0 0 61 0 0 0 0 0
197 61 0 0 0 0 0 0 0 0
198 61 0 0 0 0 0 0 0 0
199 61 0 0 0 0 0 0 0 0
200 61 0 0 0 0 0 0 0 0
201 61 0 0 0 0 0 0 0 0
202 61 0 0 0 0 0 0 0 0
203 61 0 0 0 0 0 0 0 0
208 5 0 0 0 0 0 0 0 0
209 5 0 0 0 0 0 0 0 0
218 133 1 1 0 0 0 0 0 0
219 133 0 0 0 0 0 0 0 0
220 133 0 0 0 0 0 0 0 0
221 133 0 0 0 0 0 0 0 0
222 133 1 1 0 0 0 0 0 0
223 133 0 0 0 0 0 0 0 0
224 133 0 0 0 0 0 0 0 0
225 133 0 0 0 0 0 0 0 0
226 66 0 0 0 0 0 0 0 0
227 48 0 0 0 0 0 0 0 0
228 48 0 0 0 0 0 0 0 0
229 48 0 0 0 0 0 0 0 0
231 66 0 0 0 0 0 0 0 0
232 66 0 0 0 0 0 0 0 0
233 66 0 0 0 0 0 0 0 0
234 66 0 0 66 4 2 0 0 0
235 66 0 0 0 0 0 0 0 0
236 66 0 0 0 0 0 0 0 0
246 67 0 0 67 1 0 0 0 0
247 67 0 0 0 0 0 0 0 0
248 67 0 0 0 0 0 0 0 0
250 67 0 0 67 0 0 0 0 0
256 67 1 1 0 0 0 0 0 0
257 67 0 0 0 0 0 0 0 0
258 67 0 0 0 0 0 0 0 0
259 67 0 0 0 0 0 0 0 0
260 67 0 0 0 0 0 0 0 0
265 67 0 0 0 0 0 0 0 0
267 64 0 0 0 0 0 0 0 0
268 64 0 0 0 0 0 0 0 0
269 128 0 0 0 0 0 0 0 0
277 64 0 0 64 1 0 0 0 0
278 64 0 0 64 0 0 0 0 0
281 64 0 0 0 0 0 0 0 0
282 64 1 1 0 0 0 0 0 0
283 64 0 0 0 0 0 0 0 0
284 64 0 0 0 0 0 0 0 0
285 64 0 0 0 0 0 0 0 0
286 64 0 0 0 0 0 0 0 0
946 1 1 1 0 0 0 0 0 0
947 1 0 0 1 0 0 0 0 0
948 1 0 0 1 0 0 0 0 0
949 1 0 0 0 0 0 0 0 0
950 1 0 0 0 0 0 0 0 0
952 1 0 0 0 0 0 0 0 0
953 1 0 0 0 0 0 0 0 0
954 1 0 0 0 0 0 0 0 0
955 1 0 0 0 0 0 0 0 0
956 1 0 0 0 0 0 0 0 0
957 1 0 0 0 0 0 0 0 0
958 1 0 0 0 0 0 0 0 0
1071 37 1 1 0 0 0 0 0 0
1072 37 0 0 37 2 2 0 0 0
1073 37 0 0 37 3 0 0 0 0
1074 37 0 0 0 0 0 0 0 0
1075 37 0 0 0 0 0 0 0 0
1077 37 0 0 0 0 0 0 0 0
1078 37 0 0 0 0 0 0 0 0
1079 37 0 0 0 0 0 0 0 0
1080 37 0 0 0 0 0 0 0 0
1081 37 0 0 0 0 0 0 0 0
1082 37 0 0 0 0 0 0 0 0
1083 37 0 0 0 0 0 0 0 0
1084 12 1 1 12 0 0 0 0 0
1088 12 0 0 0 0 0 0 0 0
1089 12 0 0 0 0 0 0 0 0
1090 12 0 0 0 0 0 0 0 0
1096 12 0 0 0 0 0 0 0 0
1097 12 0 0 0 0 0 0 0 0
1098 24 0 0 0 0 0 0 0 0
1102 12 0 0 0 0 0 0 0 0
1103 12 0 0 0 0 0 0 0 0
1106 12 0 0 12 1 1 0 0 0
1107 12 1 1 12 1 1 0 0 0
1108 12 0 0 0 0 0 0 0 0
1111 12 0 0 0 0 0 0 0 0
1112 12 0 0 0 0 0 0 0 0
1113 12 0 0 0 0 0 0 0 0
1119 12 0 0 0 0 0 0 0 0
1120 12 0 0 0 0 0 0 0 0
1121 12 0 0 0 0 0 0 0 0
1122 12 0 0 0 0 0 0 0 0
1123 12 0 0 0 0 0 0 0 0
1124 12 0 0 0 0 0 0 0 0
1131 1 0 0 0 0 0 0 0 0
1132 1 0 0 0 0 0 0 0 0
1134 1 0 0 0 0 0 0 0 0
1135 1 0 0 0 0 0 0 0 0
1137 1 1 1 1 0 0 0 0 0
1138 1 0 0 1 0 0 0 0 0
1139 1 0 0 0 0 0 0 0 0
1142 1 0 0 0 0 0 0 0 0
1143 1 0 0 0 0 0 0 0 0
1144 1 0 0 0 0 0 0 0 0
1150 1 0 0 0 0 0 0 0 0
1151 1 0 0 0 0 0 0 0 0
1152 1 0 0 0 0 0 0 0 0
1153 1 0 0 0 0 0 0 0 0
1154 1 0 0 0 0 0 0 0 0
1155 1 0 0 0 0 0 0 0 0
1196 3 2 1 0 0 0 0 0 0
1197 3 0 0 3 0 0 0 0 0
1198 3 0 0 3 0 0 0 0 0
1199 3 0 0 0 0 0 0 0 0
1200 3 0 0 0 0 0 0 0 0
1202 3 0 0 0 0 0 0 0 0
1203 3 0 0 0 0 0 0 0 0
1204 3 0 0 0 0 0 0 0 0
1205 3 0 0 0 0 0 0 0 0
1206 3 0 0 0 0 0 0 0 0
1207 3 0 0 0 0 0 0 0 0
1208 3 0 0 0 0 0 0 0 0
1321 6 1 1 0 0 0 0 0 0
1322 6 0 0 6 0 0 0 0 0
1323 6 0 0 6 0 0 0 0 0
1324 6 0 0 0 0 0 0 0 0
1325 6 0 0 0 0 0 0 0 0
1327 6 0 0 0 0 0 0 0 0
1328 6 0 0 0 0 0 0 0 0
1329 6 0 0 0 0 0 0 0 0
1330 6 0 0 0 0 0 0 0 0
1331 6 0 0 0 0 0 0 0 0
1332 6 0 0 0 0 0 0 0 0
1333 6 0 0 0 0 0 0 0 0
1334 6 1 1 6 0 0 0 0 0
1338 6 0 0 0 0 0 0 0 0
1339 6 0 0 0 0 0 0 0 0
1340 6 0 0 0 0 0 0 0 0
1346 6 0 0 0 0 0 0 0 0
1347 6 0 0 0 0 0 0 0 0
1348 12 0 0 0 0 0 0 0 0
1352 6 0 0 0 0 0 0 0 0
1353 6 0 0 0 0 0 0 0 0
1356 6 0 0 6 0 0 0 0 0
1357 6 1 1 6 2 1 0 0 0
1358 6 0 0 0 0 0 0 0 0
1361 6 0 0 0 0 0 0 0 0
1362 6 0 0 0 0 0 0 0 0
1363 6 0 0 0 0 0 0 0 0
1369 6 0 0 0 0 0 0 0 0
1370 6 0 0 0 0 0 0 0 0
1371 6 0 0 0 0 0 0 0 0
1372 6 0 0 0 0 0 0 0 0
1373 6 0 0 0 0 0 0 0 0
1374 6 0 0 0 0 0 0 0 0
1571 5 1 1 0 0 0 0 0 0
1572 5 0 0 5 0 0 0 0 0
1573 5 0 0 5 0 0 0 0 0
1574 5 0 0 0 0 0 0 0 0
1575 5 0 0 0 0 0 0 0 0
1577 5 0 0 0 0 0 0 0 0
1578 5 0 0 0 0 0 0 0 0
1579 5 0 0 0 0 0 0 0 0
1580 5 0 0 0 0 0 0 0 0
1581 5 0 0 0 0 0 0 0 0
1582 5 0 0 0 0 0 0 0 0
1583 5 0 0 0 0 0 0 0 0
1584 4 1 1 4 0 0 0 0 0
1588 4 0 0 0 0 0 0 0 0
1589 4 0 0 0 0 0 0 0 0
1590 4 0 0 0 0 0 0 0 0
1596 4 0 0 0 0 0 0 0 0
1597 4 0 0 0 0 0 0 0 0
1598 8 0 0 0 0 0 0 0 0
1602 4 0 0 0 0 0 0 0 0
1603 4 0 0 0 0 0 0 0 0
1606 4 0 0 4 0 0 0 0 0
1607 4 1 1 4 0 0 0 0 0
1608 4 0 0 0 0 0 0 0 0
1611 4 0 0 0 0 0 0 0 0
1612 4 0 0 0 0 0 0 0 0
1613 4 0 0 0 0 0 0 0 0
1619 4 0 0 0 0 0 0 0 0
1620 4 0 0 0 0 0 0 0 0
1621 4 0 0 0 0 0 0 0 0
1622 4 0 0 0 0 0 0 0 0
1623 4 0 0 0 0 0 0 0 0
1624 4 0 0 0 0 0 0 0 0
1696 1 1 1 0 0 0 0 0 0
1697 1 0 0 1 1 1 0 0 0
1698 1 0 0 1 0 0 0 0 0
1699 1 0 0 0 0 0 0 0 0
1700 1 0 0 0 0 0 0 0 0
1702 1 0 0 0 0 0 0 0 0
1703 1 0 0 0 0 0 0 0 0
1704 1 0 0 0 0 0 0 0 0
1705 1 0 0 0 0 0 0 0 0
1706 1 0 0 0 0 0 0 0 0
1707 1 0 0 0 0 0 0 0 0
1708 1 0 0 0 0 0 0 0 0
1946 6 1 1 0 0 0 0 0 0
1947 6 0 0 6 1 1 0 0 0
1948 6 0 0 6 0 0 0 0 0
1949 6 0 0 0 0 0 0 0 0
1950 6 0 0 0 0 0 0 0 0
1952 6 0 0 0 0 0 0 0 0
1953 6 0 0 0 0 0 0 0 0
1954 6 0 0 0 0 0 0 0 0
1955 6 0 0 0 0 0 0 0 0
1956 6 0 0 0 0 0 0 0 0
1957 6 0 0 0 0 0 0 0 0
1958 6 0 0 0 0 0 0 0 0
2071 7 1 1 0 0 0 0 0 0
2072 7 0 0 7 1 1 0 0 0
2073 7 0 0 7 2 1 0 0 0
2074 7 0 0 0 0 0 0 0 0
2075 7 0 0 0 0 0 0 0 0
2077 7 0 0 0 0 0 0 0 0
2078 7 0 0 0 0 0 0 0 0
2079 7 0 0 0 0 0 0 0 0
2080 7 0 0 0 0 0 0 0 0
2081 7 0 0 0 0 0 0 0 0
2082 7 0 0 0 0 0 0 0 0
2083 7 0 0 0 0 0 0 0 0
2085 2 1 1 2 0 0 0 0 0
2089 2 0 0 0 0 0 0 0 0
2090 2 0 0 0 0 0 0 0 0
2091 2 0 0 0 0 0 0 0 0
2097 2 0 0 0 0 0 0 0 0
2098 2 0 0 0 0 0 0 0 0
2100 4 0 0 0 0 0 0 0 0
2104 2 0 0 0 0 0 0 0 0
2105 2 0 0 0 0 0 0 0 0
2108 2 0 0 2 0 0 0 0 0
2109 2 1 1 2 0 0 0 0 0
2110 2 0 0 0 0 0 0 0 0
2113 2 0 0 0 0 0 0 0 0
2114 2 0 0 0 0 0 0 0 0
2115 2 0 0 0 0 0 0 0 0
2121 2 0 0 0 0 0 0 0 0
2122 2 0 0 0 0 0 0 0 0
2123 2 0 0 0 0 0 0 0 0
2124 2 0 0 0 0 0 0 0 0
2125 2 0 0 0 0 0 0 0 0
2126 2 0 0 0 0 0 0 0 0
2200 88 0 0 0 0 0 0 0 0
2202 133 1 1 0 0 0 0 0 0
2203 133 0 0 0 0 0 0 0 0
2204 133 0 0 0 0 0 0 0 0
2205 133 0 0 0 0 0 0 0 0
2206 144 0 0 0 0 0 0 0 0
2211 189 0 0 0 0 0 0 0 0
2217 189 0 0 189 0 0 0 0 0
2218 189 0 0 189 0 0 0 0 0
2226 189 0 0 0 0 0 0 0 0
2227 189 0 0 189 0 0 0 0 0
fl=/build/glibc-CxtIbX/glibc-2.26/string/../sysdeps/x86_64/strcspn.S
fn=strcspn
30 1 1 1 0 0 0 0 0 0
37 1 0 0 0 0 0 0 0 0
38 1 0 0 0 0 0 0 0 0
40 1 0 0 0 0 0 0 0 0
41 1 0 0 0 0 0 0 0 0
42 1 0 0 0 0 0 0 0 0
43 1 0 0 0 0 0 0 0 0
44 33 0 0 0 0 0 32 4 4
47 2 0 0 0 0 0 0 0 0
54 1 0 0 1 0 0 0 0 0
55 1 0 0 0 0 0 0 0 0
56 1 0 0 0 0 0 0 0 0
57 1 0 0 0 0 0 1 0 0
59 1 0 0 1 0 0 0 0 0
60 1 0 0 0 0 0 0 0 0
61 1 1 1 0 0 0 0 0 0
62 1 0 0 0 0 0 1 0 0
64 1 0 0 1 0 0 0 0 0
65 1 0 0 0 0 0 0 0 0
66 1 0 0 0 0 0 0 0 0
75 3 0 0 0 0 0 0 0 0
87 12 0 0 0 0 0 0 0 0
89 12 0 0 12 0 0 0 0 0
90 12 0 0 12 0 0 0 0 0
91 12 0 0 0 0 0 0 0 0
93 12 0 0 12 0 0 0 0 0
94 12 0 0 12 0 0 0 0 0
95 12 0 0 0 0 0 0 0 0
97 12 0 0 12 0 0 0 0 0
98 12 0 0 12 0 0 0 0 0
99 12 0 0 0 0 0 0 0 0
101 12 0 0 12 1 1 0 0 0
102 12 0 0 12 0 0 0 0 0
103 12 0 0 0 0 0 0 0 0
105 1 0 0 0 0 0 0 0 0
106 1 0 0 0 0 0 0 0 0
107 1 0 0 0 0 0 0 0 0
109 1 0 0 0 0 0 0 0 0
116 1 0 0 0 0 0 0 0 0
120 1 0 0 1 0 0 0 0 0
fl=/build/glibc-CxtIbX/glibc-2.26/string/strdup.c
fn=strdup
40 12 1 1 0 0 0 6 0 0
41 6 0 0 0 0 0 3 0 0
42 6 0 0 0 0 0 3 0 0
44 6 0 0 0 0 0 0 0 0
47 12 0 0 0 0 0 0 0 0
48 9 0 0 6 0 0 0 0 0
fl=/build/glibc-CxtIbX/glibc-2.26/time/../sysdeps/generic/dl-hash.h
fn=gettimeofday
45 12 0 0 4 0 0 0 0 0
48 12 0 0 0 0 0 0 0 0
62 16 0 0 0 0 0 0 0 0
67 1 0 0 0 0 0 0 0 0
fn=time
45 12 0 0 4 1 1 0 0 0
48 12 0 0 0 0 0 0 0 0
62 16 1 1 0 0 0 0 0 0
67 1 0 0 0 0 0 0 0 0
fl=/build/glibc-CxtIbX/glibc-2.26/time/../sysdeps/unix/sysv/linux/x86/gettimeofday.c
fn=gettimeofday
42 19 3 3 1 0 0 5 0 0
fl=/build/glibc-CxtIbX/glibc-2.26/time/../sysdeps/unix/sysv/linux/x86/time.c
fn=time
43 19 2 2 1 0 0 5 0 0
fl=/build/glibc-CxtIbX/glibc-2.26/wcsmbs/../sysdeps/x86_64/multiarch/ifunc-avx2.h
fn=wcschr
30 8 0 0 0 0 0 0 0 0
32 6 2 2 4 0 0 0 0 0
fn=wcslen
30 4 1 1 0 0 0 0 0 0
32 3 1 1 2 0 0 0 0 0
fn=wmemchr
30 8 0 0 0 0 0 0 0 0
32 6 1 1 4 0 0 0 0 0
fl=/build/glibc-CxtIbX/glibc-2.26/wcsmbs/../sysdeps/x86_64/multiarch/ifunc-wmemset.h
fn=wmemset
30 6 0 0 0 0 0 0 0 0
32 8 1 1 4 0 0 0 0 0
34 8 0 0 0 0 0 0 0 0
35 2 1 1 0 0 0 0 0 0
fl=/build/glibc-CxtIbX/glibc-2.26/wcsmbs/../sysdeps/x86_64/multiarch/wcschr.c
fn=wcschr
31 2 0 0 2 0 0 0 0 0
fl=/build/glibc-CxtIbX/glibc-2.26/wcsmbs/../sysdeps/x86_64/multiarch/wcslen.c
fn=wcslen
29 1 0 0 1 0 0 0 0 0
fl=/build/glibc-CxtIbX/glibc-2.26/wcsmbs/../sysdeps/x86_64/multiarch/wcsnlen.c
fn=wcsnlen
38 3 0 0 0 0 0 0 0 0
40 3 1 1 2 0 0 0 0 0
49 1 0 0 1 0 0 0 0 0
fl=/build/glibc-CxtIbX/glibc-2.26/wcsmbs/../sysdeps/x86_64/multiarch/wmemchr.c
fn=wmemchr
31 2 0 0 2 0 0 0 0 0
fl=/build/glibc-CxtIbX/glibc-2.26/wcsmbs/../sysdeps/x86_64/multiarch/wmemset.c
fn=wmemset
31 2 0 0 2 0 0 0 0 0
fl=???
fn=???
0 121 17 13 65 4 0 11 2 2
fn=__libc_csu_init
0 34 3 3 8 0 0 8 0 0
fn=_start
0 11 1 1 2 0 0 3 0 0
fn=f
0 75462973680 0 0 50308648083 1 1 1036 0 0
fn=main
0 6071 4 4 3098 0 0 727 25 24
fn=trap
0 2461 1 1 1034 0 0 1167 0 0
summary: 75463162359 866 857 50308696446 2420 1991 14889 613 572
